2.177663142223907472e-02
3.365269335240618442e+00
6.779665003104878629e+00
1.031563331419902774e+01
1.364148674403526762e+01
1.688000847425399442e+01
1.942419995899906837e+01
2.201421896928597022e+01
2.435434826482577719e+01
2.690718645250323959e+01
2.976542618775390281e+01
3.259859048450054786e+01
3.557788406080517518e+01
3.865575005053957369e+01
4.163746470366537267e+01
4.421935581319583264e+01
4.714763384219910591e+01
5.006778397044590889e+01
5.309670962158262597e+01
5.542784634607273375e+01
5.821552898539493270e+01
6.126313151486555597e+01
6.468081292984406616e+01
6.771700181144406372e+01
7.124172940872605864e+01
7.362734036169042895e+01
7.587235592497373204e+01
7.869185843108708411e+01
8.119817735698808292e+01
8.384422700227710834e+01
8.606935514881571692e+01
8.827200186773004020e+01
9.046340787283213558e+01
9.322860908452989293e+01
9.659475615003118776e+01
9.955571871611913082e+01
1.033524715876552023e+02
1.074608516328759151e+02
1.109722633076419385e+02
1.149583789733980694e+02
1.185668066550659745e+02
1.222886790792073270e+02
1.251925734059412463e+02
1.276153651815152301e+02
1.301061200421378885e+02
1.328604264081408246e+02
1.360909931716617223e+02
1.385900488670994832e+02
1.413189339264810371e+02
1.450082947475964374e+02
1.484282243053374657e+02
1.525661760745870765e+02
1.562652212029867371e+02
1.588981278598183735e+02
1.612927313838325745e+02
1.635441455072856627e+02
1.666149212006155267e+02
1.705092088812291422e+02
1.744322036155787430e+02
1.777620345287639338e+02
1.803415045614734424e+02
1.827611835239916331e+02
1.856782208391827851e+02
1.890495559264432188e+02
1.924205451455867433e+02
1.963338555726518848e+02
1.999979680212043718e+02
2.027889364076405911e+02
2.057473049628487161e+02
2.089612700567392380e+02
2.124875540605492290e+02
2.165705127991483891e+02
2.203105432994480282e+02
2.231020304880603646e+02
2.266241640744629535e+02
2.289834890505129010e+02
2.321265511803572394e+02
2.359653270281449409e+02
2.399274048597489468e+02
2.439133475914462679e+02
2.478942752354431320e+02
2.511765492825001616e+02
2.540207813590005514e+02
2.569680821344551873e+02
2.600941967265524113e+02
2.630586179738133410e+02
2.656775169718946472e+02
2.680468721233461338e+02
2.717723761627186718e+02
2.747134513120621477e+02
2.777826705988636604e+02
2.804863072856832673e+02
2.827693683418683577e+02
2.856589091417345685e+02
2.890439060196279684e+02
2.927324021704502570e+02
2.961521587941325038e+02
2.991266102167948588e+02
3.017939307512976370e+02
3.048005479088691345e+02
3.073603034588923038e+02
3.096596203165915995e+02
3.131833103095213460e+02
3.172396372030888188e+02
3.213526864678927950e+02
3.250546714752896946e+02
3.284320592546031889e+02
3.319666440932280693e+02
3.360902423356096733e+02
3.399821089394021669e+02
3.436033337414098696e+02
3.467112902573491624e+02
3.502207996574697404e+02
3.541434485237020908e+02
3.585240267772354059e+02
3.624485779181128464e+02
3.655305943252545262e+02
3.684543760687330405e+02
3.717883573993255482e+02
3.755806139853366403e+02
3.798244013984789831e+02
3.836156203801383526e+02
3.868454954074243233e+02
3.906467445644850045e+02
3.941813294031103396e+02
3.979789469449401054e+02
4.012044986207602619e+02
4.037066671292535602e+02
4.064333040458727737e+02
4.100545288478807606e+02
4.142139244404023657e+02
4.179164282499754677e+02
4.204727251188259629e+02
4.235038989127253330e+02
4.277445735128118827e+02
4.313834375888020531e+02
4.353375604537081927e+02
4.386144735449470318e+02
4.425044378740944921e+02
4.457912082066758899e+02
4.491722276012207544e+02
4.521352653760121711e+02
4.547780292741867356e+02
4.589858464031299832e+02
4.633186948564776344e+02
4.665222839068493954e+02
4.691470626629250091e+02
4.722206053011931317e+02
4.749112719336129658e+02
4.774577115611218687e+02
4.801418066993130651e+02
4.840793278945898237e+02
4.872981351421222485e+02
4.901653674484225576e+02
4.933144822703200134e+02
4.974581408635049229e+02
5.015564907333242104e+02
5.053546270773284732e+02
5.094074952897227604e+02
5.133854830547213624e+02
5.170201967133041308e+02
5.203918776686806495e+02
5.239807638017213094e+02
5.271895408738522519e+02
5.311984838353504301e+02
5.349973119155889663e+02
5.387570568985734099e+02
5.418880136443129913e+02
5.449760827435079591e+02
5.482898307892374987e+02
5.514842543345014292e+02
5.541882368894375759e+02
5.566072241157195322e+02
5.602545619605836009e+02
5.643887091805431737e+02
5.681045289126320768e+02
5.722450746927615910e+02
5.757763737842723231e+02
5.787395844931228339e+02
5.817048704106764490e+02
5.847386382154558078e+02
5.874270567051138414e+02
5.906987817745930442e+02
5.943544204542720308e+02
5.983280848678051598e+02
6.022889521609984058e+02
6.066173043288200688e+02
6.103500715986562000e+02
6.134182532811063311e+02
6.168833186281542567e+02
6.199369738496783384e+02
6.225050302345168802e+02
6.261131120480678192e+02
6.300210615193142303e+02
6.341768254966046925e+02
6.383714996370914605e+02
6.425144664940439725e+02
6.462913319488352499e+02
6.502454548137415031e+02
6.538137617938034509e+02
6.582477766714613381e+02
6.625560684884787861e+02
6.667479756840283471e+02
6.706031802673871880e+02
6.739921546286303737e+02
6.778566976511574467e+02
6.818836257547536661e+02
6.850662897840305732e+02
6.888144481850862348e+02
6.924375752617394255e+02
6.956432395208152002e+02
6.991999599189473429e+02
7.031592708056127776e+02
7.071870635795036151e+02
7.110754715021234915e+02
7.141339688772883392e+02
7.169232079231380794e+02
7.198200119534677697e+02
7.221962844672647179e+02
7.248973271432035972e+02
7.285922218541959410e+02
7.317823220479936026e+02
7.345622226546765887e+02
7.379719491029575238e+02
7.415987077948420847e+02
7.454741456630630410e+02
7.495999920482066727e+02
7.525561124606529120e+02
7.556133992974080229e+02
7.595393339107542943e+02
7.634889604901362645e+02
7.665574880407034470e+02
7.696611212051759594e+02
7.733388954443616967e+02
7.771235429317924854e+02
7.806693684842298353e+02
7.836197820727401222e+02
7.865492706401538499e+02
7.889826113933047509e+02
7.921823958943873549e+02
7.958470271451154758e+02
7.995493580206299384e+02
8.034924131057820205e+02
8.073823774349299356e+02
8.111857018006949147e+02
8.152084794868846984e+02
8.184554749859767071e+02
8.216692671458084760e+02
8.256142245056063302e+02
8.298293048650142509e+02
8.335845535624747527e+02
8.373984269058167911e+02
8.409068987015858738e+02
8.451816413112263717e+02
8.485216753338718263e+02
8.513216362913573221e+02
8.544690217726681567e+02
8.578474471563332600e+02
8.609106137510833605e+02
8.638817794266302599e+02
8.670267438311196884e+02
8.697255383642961988e+02
8.729261875356716018e+02
8.758148636652440473e+02
8.790182797815563163e+02
8.821912595035474851e+02
8.849395131774990659e+02
8.874152227750194015e+02
8.898155331229689864e+02
8.923877399252152145e+02
8.955807799980082109e+02
8.987506469069427339e+02
9.022129453090528841e+02
9.060458413988455959e+02
9.100425060421774788e+02
9.134563829078664412e+02
9.174872884948138108e+02
9.218395055627302099e+02
9.256272658632103685e+02
9.295474936526240981e+02
9.332427342317328112e+02
9.371420370000483899e+02
9.412165219697733392e+02
9.450490721914476353e+02
9.488427122499322195e+02
9.532822610174605416e+02
9.574826419818843988e+02
9.615434651609737102e+02
9.656757101062929678e+02
9.688097796650833970e+02
9.723649436566882969e+02
9.754291478557887558e+02
9.790984483261028117e+02
9.831903996357499409e+02
9.874580519489799144e+02
9.907271830075792423e+02
9.936350548176640132e+02
9.963886694474319938e+02
9.991032009799456546e+02
1.002641590367860999e+03
1.006389057032679716e+03
1.010005093812930568e+03
1.013448369468588339e+03
1.016518107557568101e+03
1.020033323781624063e+03
1.023952686900739309e+03
1.027846628713235305e+03
1.031626261112965267e+03
1.035576752362641173e+03
1.039796847809745032e+03
1.043588239725465428e+03
1.047879756938794571e+03
1.051730638170691464e+03
1.055053378787469001e+03
1.059033960563346682e+03
1.063046881008191349e+03
1.066592879494688532e+03
1.069417397088501275e+03
1.071930979244865966e+03
1.075135778833652466e+03
1.078840011983807926e+03
1.082790849101600315e+03
1.086956470320232711e+03
1.090954691370098317e+03
1.094023045986609077e+03
1.097522179343207199e+03
1.100528277698603461e+03
1.103987290353599747e+03
1.107705877030625743e+03
1.110554432458596921e+03
1.113429965599712432e+03
1.116985302525373299e+03
1.120927665874293098e+03
1.124922774111098306e+03
1.129025274398328520e+03
1.132834132653971437e+03
1.136822669396549145e+03
1.140683407869783196e+03
1.144990662082446988e+03
1.148758880834304819e+03
1.151716038851104713e+03
1.155362339091616150e+03
1.158912487995521360e+03
1.162911746649740735e+03
1.166362285535861020e+03
1.170316754268883415e+03
1.174367547272574939e+03
1.177478270733452746e+03
1.180581039227629844e+03
1.183856050044228141e+03
1.187309528809349331e+03
1.191399750778409953e+03
1.195549980865818497e+03
1.199872626209705913e+03
1.203932584718499811e+03
1.207290949751358767e+03
1.210444906726900399e+03
1.213535396902917455e+03
1.217397518848622894e+03
1.220532280143655044e+03
1.223545987597633257e+03
1.227103053863881541e+03
1.231329720805214492e+03
1.234918779872306686e+03
1.239087859772115507e+03
1.241928287299322847e+03
1.245195861951392999e+03
1.249269828118945952e+03
1.253252312169472361e+03
1.256954988913101715e+03
1.260115344448809537e+03
1.263622605706169907e+03
1.266694073135734925e+03
1.269648464207594770e+03
1.272523478546531578e+03
1.276007566640035066e+03
1.279325119235058764e+03
1.282596671370476770e+03
1.285653439405056133e+03
1.289023391019848987e+03
1.293199561216056281e+03
1.297254158769036394e+03
1.300707118731982519e+03
1.303790691545655136e+03
1.307783205771577514e+03
1.311715538945093840e+03
1.315470095906321603e+03
1.319410556980591537e+03
1.322567107967015772e+03
1.326439605956240712e+03
1.329703203124959145e+03
1.332916476482617327e+03
1.336399354037706189e+03
1.339641161515036401e+03
1.342877435102496065e+03
1.346642022239125481e+03
1.350006958766212847e+03
1.353663980918362313e+03
1.357495839403805348e+03
1.360894498072334500e+03
1.364520392093927512e+03
1.368646411413130181e+03
1.372250169875214624e+03
1.375840958282897873e+03
1.379769313973067710e+03
1.383532690571282728e+03
1.387558581070528589e+03
1.391443876180093412e+03
1.395224546184174187e+03
1.399217060410099748e+03
1.403116190244355039e+03
1.407168020852397831e+03
1.410444242207403931e+03
1.414121670578472049e+03
1.416784321893391279e+03
1.419575117345772242e+03
1.423083935009656216e+03
1.426324531948575441e+03
1.429325788150330254e+03
1.432598204956048903e+03
1.436079007302437276e+03
1.440119078394491680e+03
1.444258067768093724e+03
1.448196453633662031e+03
1.452462030738190833e+03
1.456741269633356069e+03
1.460782724197881180e+03
1.464141953901032821e+03
1.467084585456908599e+03
1.470061112088273603e+03
1.473053721587092696e+03
1.476542305966115464e+03
1.480444721547489053e+03
1.484443461399527905e+03
1.488580202630366784e+03
1.492527408132928031e+03
1.496426192099063883e+03
1.500162418050078486e+03
1.503663280747267436e+03
1.506745815956582874e+03
1.510356145912893226e+03
1.514174342607705739e+03
1.517459383599701141e+03
1.520770364700493246e+03
1.523975164289275426e+03
1.526946848767001711e+03
1.530104264423713630e+03
1.533846024264598555e+03
1.537759161757600623e+03
1.541351852439933737e+03
1.544601960752087507e+03
1.548473248202903278e+03
1.552216045648144018e+03
1.555900737249677150e+03
1.559375659838068032e+03
1.563141803381221280e+03
1.566765795128171476e+03
1.570470201212391203e+03
1.574136561803705945e+03
1.578176459961698356e+03
1.582008318447140027e+03
1.585960884905515968e+03
1.589674975297015180e+03
1.592912978225062261e+03
1.596291576542786288e+03
1.599493436252573474e+03
1.602911636469729729e+03
1.606858669038231483e+03
1.610354343713660455e+03
1.613939598231471791e+03
1.617689313039055151e+03
1.621286154138794018e+03
1.625293021891584431e+03
1.629341912620629500e+03
1.633324742539271028e+03
1.637498318724598903e+03
1.641720489380409390e+03
1.645431466958852752e+03
1.649468771105971882e+03
1.653507112857440916e+03
1.656803048695135203e+03
1.661089032018585613e+03
1.665364985166635734e+03
1.669226588310161787e+03
1.673355547508362633e+03
1.677595011570039105e+03
1.681395396056807613e+03
1.684588263195544414e+03
1.688171615438706567e+03
1.691732832122362424e+03
1.695330537892392840e+03
1.698954702573403438e+03
1.702322578979490345e+03
1.706460876616856694e+03
1.710655031955170898e+03
1.714587538062747853e+03
1.718748144193682492e+03
1.722241051924169597e+03
1.726073775079903726e+03
1.729967025156166528e+03
1.733673519509054813e+03
