5.560614295337208213e-04
1.423664042257688500e-04
3.170652227925036307e-05
1.507189731510894385e-05
1.364413934631141140e-05
1.298079688515904220e-05
1.276950195301405998e-05
1.259134865539705605e-05
1.259033249699704048e-05
1.259007546132744662e-05
1.249359206309024609e-05
1.248730881908472932e-05
1.235566074902886175e-05
1.227185740631645749e-05
1.220364025044781407e-05
1.208083615774196973e-05
1.200034863694719114e-05
1.189778795864547508e-05
1.174766812100811126e-05
1.171370091681161565e-05
1.164957253923545974e-05
1.159857085506362155e-05
1.146645281424157249e-05
1.134770236891913738e-05
1.124491881153152700e-05
1.122521729195582824e-05
1.121723739063113721e-05
1.119759560559997228e-05
1.118874594428199244e-05
1.117596284416544472e-05
1.117494784982153278e-05
1.116977680977476179e-05
1.116678008468901358e-05
1.109998458509082047e-05
1.099952333611100477e-05
1.095316927182660551e-05
1.085545456696040261e-05
1.080547122131811236e-05
1.070416203735070486e-05
1.057952437664718273e-05
1.056000839698151899e-05
1.054409255304318425e-05
1.051831060067427472e-05
1.051040590238781468e-05
1.049615700619248705e-05
1.048240221521108897e-05
1.041233528976163575e-05
1.041216826082980904e-05
1.039917766556138218e-05
1.030825959761541933e-05
1.025983262387920906e-05
1.023786639626266949e-05
1.017055699527664566e-05
1.016152570085904269e-05
1.015436640637912097e-05
1.014427624317601505e-05
1.014162088291448362e-05
1.011248360263086228e-05
1.004833682201563110e-05
9.989213340039982189e-06
9.986958973558964230e-06
9.979293116368871328e-06
9.971513479996572835e-06
9.968517407629091026e-06
9.940549444628728998e-06
9.881240440203153751e-06
9.853320850397349293e-06
9.831663411032231058e-06
9.800589314828238782e-06
9.760771263509986938e-06
9.713468797719316091e-06
9.695317787897714731e-06
9.627516512582969910e-06
9.618517452425490584e-06
9.612834910389624464e-06
9.602676321005032599e-06
9.494300253951361843e-06
9.432439634193791065e-06
9.404505701766369735e-06
9.393770863218296095e-06
9.374234728314771576e-06
9.360312013746747040e-06
9.350336740881681619e-06
9.341202940091707091e-06
9.336193303659066624e-06
9.310595645261980974e-06
9.296303382432881298e-06
9.291199790589647119e-06
9.253724939882045859e-06
9.246449966124765715e-06
9.231531331443261536e-06
9.221417089837064188e-06
9.214541594300772442e-06
9.203105394681673383e-06
9.176969291291680098e-06
9.113617958326512144e-06
9.088434761597942031e-06
9.064882328074912944e-06
9.058614424342356097e-06
9.040535448282199124e-06
9.028626432015439296e-06
9.033074023652309671e-06
9.025265701701665788e-06
9.017762437844003412e-06
9.001137179847444998e-06
8.981135603622395524e-06
8.931180194180851780e-06
8.898080736889069482e-06
8.892556044234454059e-06
8.826304728208952746e-06
8.811704549128791507e-06
8.801422958348015111e-06
8.793627638586746985e-06
8.776668899388974593e-06
8.687149160434448110e-06
8.587375473187757989e-06
8.577544332839830542e-06
8.574092228331960648e-06
8.482542662166260347e-06
8.443441877933512146e-06
8.418728781824569288e-06
8.400424881472790936e-06
8.385412492255677958e-06
8.352787636887840805e-06
8.340539404416360972e-06
8.327466855910526579e-06
8.319564394614830879e-06
8.313810240039463061e-06
8.285789771111640417e-06
8.277362691241854184e-06
8.258959033135089876e-06
8.198464259473018341e-06
8.192148162597247903e-06
8.138268225327823676e-06
8.111223271380534397e-06
8.092887680634916670e-06
8.087546328796527326e-06
8.079528724833959745e-06
7.992979643220494870e-06
7.987479486215279023e-06
7.976327850266777466e-06
7.964413662190939161e-06
7.955559248146819702e-06
7.929780216525741593e-06
7.900402581189324287e-06
7.886391916760802771e-06
7.870331559005776424e-06
7.847185030246676458e-06
7.829099072582227739e-06
7.828870271764841067e-06
7.809797538502269708e-06
7.789388224153932959e-06
7.755861305672631686e-06
7.741896550217290129e-06
7.725462815147506851e-06
7.710627313056671374e-06
7.702047278627054987e-06
7.692979868022449021e-06
7.697892103999841361e-06
7.687243005486131585e-06
7.681529659939695146e-06
7.662280605783330296e-06
7.662583158731243771e-06
7.654496725499135363e-06
7.648513271617028863e-06
7.640841896486864489e-06
7.637317206165647956e-06
7.630478060295958046e-06
7.625258004174787990e-06
7.625464237684355884e-06
7.621845019889130019e-06
7.616940942358385934e-06
7.609469890914796843e-06
7.608128031266935431e-06
7.585660393822825449e-06
7.507080134418170659e-06
7.476098085799252690e-06
7.393915565844518189e-06
7.354010588053780763e-06
7.336951723118380174e-06
7.303471412972549351e-06
7.288868755580939297e-06
7.273391395729449442e-06
7.265120037004833869e-06
7.252886623828368487e-06
7.190875314775917830e-06
7.107696281828784577e-06
7.010807113304369152e-06
7.016628470680538477e-06
6.998668751757617870e-06
6.974917377829408473e-06
6.980330228563176818e-06
6.980385925843973240e-06
6.922177807059909842e-06
6.911537962206289879e-06
6.811045180887654614e-06
6.793211532545853798e-06
6.781132471953424432e-06
6.765052236492380877e-06
6.758065754111552341e-06
6.632569217815113640e-06
6.625245103662638461e-06
6.624942944304657225e-06
6.611293596540780328e-06
6.589082010678103989e-06
6.578226038857741751e-06
6.566256534816881337e-06
6.556249996323373992e-06
6.545037117439515106e-06
6.523944474509643302e-06
6.501594458726824306e-06
6.504613904308452114e-06
6.472983658467826797e-06
6.452966244761919516e-06
6.439365668951013969e-06
6.437571662638700860e-06
6.416208580929504174e-06
6.379196548631078111e-06
6.380820312412937831e-06
6.370359494472609497e-06
6.346954444097182512e-06
6.331227520717939546e-06
6.327793995756805441e-06
6.318668148294038414e-06
6.320673555612638811e-06
6.298353344334715096e-06
6.288284262781638066e-06
6.275436935940389453e-06
6.257057130485981671e-06
6.236034681162601536e-06
6.226718448527371219e-06
6.240432785925463355e-06
6.229196249052393070e-06
6.223781699848105527e-06
6.219963933847878377e-06
6.214714367085095577e-06
6.210058992145198764e-06
6.207421774793660194e-06
6.194740398552815593e-06
6.197357962742582694e-06
6.191939933323862914e-06
6.179290499293568718e-06
6.181092626423302312e-06
6.165837114579311311e-06
6.174697008469900516e-06
6.159576024958336173e-06
6.140542110303374575e-06
6.133215103776790452e-06
6.126271809852251328e-06
6.114676226565538521e-06
6.053856745622882484e-06
6.003907760257557739e-06
5.983516906344105117e-06
5.967346092055801194e-06
5.967886750849208626e-06
5.956629277635681359e-06
5.951604358002944964e-06
5.956481178559825009e-06
5.945220578386269213e-06
5.946149387863007377e-06
5.943047071024051360e-06
5.934233168693151530e-06
5.935310214519982247e-06
5.930691020079670077e-06
5.929311753965119392e-06
5.917304590842955332e-06
5.916220820211658211e-06
5.929017192717621567e-06
5.929103788563197597e-06
5.954624009840513206e-06
5.933025239682503108e-06
5.923930284047775516e-06
5.898538837098340207e-06
5.889678413329840621e-06
5.885881206068723656e-06
5.836341289963844388e-06
5.812181015417508759e-06
5.784376827034370853e-06
5.782145656961249096e-06
5.774737214733918955e-06
5.759918800888733350e-06
5.758693695010929393e-06
5.739039342463016386e-06
5.692850184058972000e-06
5.645505389259815024e-06
5.639426463857898390e-06
5.586326746903833730e-06
5.546247127437127344e-06
5.492695532539402693e-06
5.474294622660670893e-06
5.446960920181386402e-06
5.434609560526071387e-06
5.434650559657606462e-06
5.434513379651245257e-06
5.398415833592474983e-06
5.386280671558822654e-06
5.387418904814030258e-06
5.365312707915158687e-06
5.365424149758951421e-06
5.374551458861602823e-06
5.357518803526668648e-06
5.365435103418519275e-06
5.359329717123314226e-06
5.367200680599606123e-06
5.366830808933033858e-06
5.349709865920435444e-06
5.361332956947555782e-06
5.356846335937413217e-06
5.340419768712891163e-06
5.326226486137560348e-06
5.309775962754952221e-06
5.313252266161950028e-06
5.315735754394717865e-06
5.291748223719141772e-06
5.295956680825416849e-06
5.267066421806268634e-06
5.257047383553325395e-06
5.254555992434141737e-06
5.259571915948949948e-06
5.257033044717869564e-06
5.256904655228399113e-06
5.266868851576589839e-06
5.276705465539064943e-06
5.261660660530514495e-06
5.274545725946955541e-06
5.285252037885578458e-06
5.272119367367139175e-06
5.279068974349015154e-06
5.264141123642905118e-06
5.284558511688977591e-06
5.262447985075794737e-06
5.275490208809958937e-06
5.265004969257144924e-06
5.270803310167717544e-06
5.269476490644113671e-06
5.270725657738883354e-06
5.251837714925557628e-06
5.241982321647735929e-06
5.277095368251450178e-06
5.232151607122087057e-06
5.206687328447471664e-06
5.206734782696258350e-06
5.182529108187627181e-06
5.183175086707848735e-06
5.162909711685607437e-06
5.204041016261354753e-06
5.181553217164177527e-06
5.153883845285741968e-06
5.161232619372911845e-06
5.160361489584491831e-06
5.131688837105965078e-06
5.113951367777782027e-06
5.100857358745606100e-06
5.059571556838641777e-06
5.044174428902559251e-06
4.975642824014362050e-06
4.956981053864408898e-06
4.958203255311901960e-06
4.968829686175689116e-06
4.967762457017252130e-06
4.982952919540178721e-06
4.966612965434195373e-06
4.996757857267591339e-06
4.944615556625519592e-06
4.933251607881146517e-06
4.904858922996469149e-06
4.916006462116077358e-06
4.882630050225464934e-06
4.861227891643908299e-06
4.877976680803045503e-06
4.893615496144672726e-06
4.900062116188785967e-06
4.878752702438885399e-06
4.919015450919746249e-06
4.948411386136450585e-06
4.938896203024099932e-06
4.946580793262752471e-06
4.943753775170679392e-06
4.926041231715912348e-06
4.914321686414304782e-06
4.897585962936258577e-06
4.885880240164555199e-06
4.907561598614933280e-06
4.886733988748420728e-06
4.902764133242250689e-06
4.908358241028497489e-06
4.921424015671967740e-06
4.956135140767589583e-06
4.925675914453136150e-06
4.924618430849118743e-06
4.923590929665508903e-06
4.956713021065274079e-06
4.960287786847079665e-06
4.985963729983997567e-06
4.973069496155295199e-06
4.993504511310352533e-06
4.998451639074763460e-06
5.014144205777128309e-06
4.929343547446964108e-06
4.905417095197795261e-06
4.857389243068207660e-06
4.867017622649819032e-06
4.807777557284454582e-06
4.788160384540931789e-06
4.793341500774592679e-06
4.805600774652930100e-06
4.813134846067941475e-06
4.805336954559062474e-06
4.800246168504907852e-06
4.808082635592112003e-06
4.780004216444352658e-06
4.751296215028072442e-06
4.743843566100438697e-06
4.700137259929804857e-06
4.739264699551940691e-06
4.816191441113116507e-06
4.830530399093540822e-06
4.872661596662367037e-06
4.890953571597409461e-06
4.869881150654899800e-06
4.847344415674718515e-06
4.873558670299342733e-06
4.888906072867895269e-06
4.881504535370233670e-06
4.881243162487980374e-06
4.916052822901333263e-06
4.893965365037207302e-06
4.929966732606163290e-06
4.938096466674720067e-06
4.956175297703541060e-06
4.981002876712015992e-06
4.946190292676445709e-06
4.950843990253150840e-06
4.966151249181505252e-06
4.973379656507639126e-06
5.104044632715995974e-06
5.121038099807172426e-06
5.137039389003722452e-06
5.135022665062506285e-06
5.127892417216407158e-06
5.121325511625675599e-06
5.221837743929969262e-06
5.224584157733835405e-06
5.181606988119093694e-06
5.188393108686137495e-06
5.157709265323000576e-06
5.219996892408575817e-06
5.224219359395548632e-06
5.201794030283187310e-06
5.204355571038666602e-06
5.141256603268386234e-06
5.255397955672316311e-06
5.356029172876769301e-06
5.477956826465125047e-06
5.567070977750598766e-06
5.565589509244024768e-06
5.514302007010864951e-06
5.635190371048456816e-06
5.765884357585953717e-06
5.711813846968215972e-06
5.654931031361902737e-06
5.657826637431849819e-06
5.719776943456361623e-06
5.747174861370689546e-06
5.908599999623746756e-06
6.054094900208440313e-06
6.241662725788534403e-06
6.172156763490913116e-06
6.197904940095790226e-06
6.210583864926047785e-06
6.260848200807194220e-06
6.355403510272679798e-06
6.390400741473593786e-06
6.415723549664968320e-06
6.634180043095678799e-06
6.622036427627072446e-06
6.637153876828686778e-06
6.732668294038064292e-06
6.756749134155867375e-06
6.690094036456829939e-06
7.032767154634458907e-06
7.206671032400830307e-06
7.330442553271495907e-06
7.646542270711655689e-06
7.991176217673877656e-06
7.965770721329600869e-06
7.995613686224020770e-06
8.319444212362714114e-06
8.699263233348705478e-06
8.827525048504963765e-06
8.927417376061390190e-06
1.047681476146630167e-05
1.084256786503114198e-05
1.184155105145070861e-05
1.222934770343347323e-05
1.328719164670357267e-05
1.441912121688232672e-05
1.563722123555028853e-05
2.042434761231073126e-05
3.078189279411359719e-05
1.520826939081750592e-04
