1.926040126719416179e+01
1.737075587414438615e+01
1.637907435491905872e+01
1.554755767045354276e+01
1.489813133519927213e+01
1.430179037539117459e+01
1.377388591643696358e+01
1.332683333157409677e+01
1.287936175815121587e+01
1.248588061642774072e+01
1.209264618603302921e+01
1.173817839579611899e+01
1.140594396398682875e+01
1.110307087546247651e+01
1.083792214077465133e+01
1.057548265841511892e+01
1.033098784564743333e+01
1.005680532622420031e+01
9.818932383784495954e+00
9.610472775656164757e+00
9.391653616274691529e+00
9.178292973507080177e+00
8.981105526590297927e+00
8.793132868459409224e+00
8.607500992358950498e+00
8.433352599265058203e+00
8.237510487986012819e+00
8.065010789664045276e+00
7.907226069999747864e+00
7.753251014266536956e+00
7.602377768197118080e+00
7.436476779404706861e+00
7.293740630816710535e+00
7.157105611610703022e+00
7.024496538159342052e+00
6.897207643194571247e+00
6.761861397832394260e+00
6.648535144779883055e+00
6.524108050134053371e+00
6.417082004695254582e+00
6.312703197313907388e+00
6.215615082644733391e+00
6.106727990319039456e+00
5.991930061341368408e+00
5.896671233006476776e+00
5.794683012892457796e+00
5.710169881702948480e+00
5.624895023655410498e+00
5.545162999329113163e+00
5.459606909753998316e+00
5.377741918693788037e+00
5.300218183681146833e+00
5.228965556450898333e+00
5.162062958663755197e+00
5.087552474869778685e+00
5.005880358472775349e+00
4.933456008506008850e+00
4.874596382202825318e+00
4.801827685164783865e+00
4.730871565141842261e+00
4.673408321949851896e+00
4.610107443280194062e+00
4.552376399454566958e+00
4.494068392217645425e+00
4.433642306284323098e+00
4.376925443301282748e+00
4.321848949084977853e+00
4.275177436152453936e+00
4.224030401044574390e+00
4.172915292984386681e+00
4.125432420744730599e+00
4.081236227417960549e+00
4.034163072692257934e+00
3.983098494255356670e+00
3.941860820708759761e+00
3.902290466205985187e+00
3.855806097735437810e+00
3.818381826381475275e+00
3.777258207864842454e+00
3.737448505818198097e+00
3.695658235863888752e+00
3.658853601976427061e+00
3.620381286428812739e+00
3.584191594839907680e+00
3.546468796278543056e+00
3.505775684192631747e+00
3.473635351806888316e+00
3.433684450879656236e+00
3.393544621321935573e+00
3.365372059123441506e+00
3.335950204708121536e+00
3.306063712817599587e+00
3.276026962672123677e+00
3.247906578909542485e+00
3.217347383794895599e+00
3.189704502100762618e+00
3.168135495224187803e+00
3.143399116217910017e+00
3.115518561029808620e+00
3.096283986227854612e+00
3.069992490925824491e+00
3.048831928083903353e+00
3.022856563640445859e+00
3.001026057356094512e+00
2.980738525154082108e+00
2.956725327805803882e+00
2.935399617939220551e+00
2.917616476843687412e+00
2.903192896228354414e+00
2.877090667684126579e+00
2.863389467972366376e+00
2.846568588097222907e+00
2.827743706792055445e+00
2.810308162102350238e+00
2.791876451566029260e+00
2.777500310171670428e+00
2.760886524915273199e+00
2.745022627831043671e+00
2.723351438495070997e+00
2.709101742917003453e+00
2.695669501751315700e+00
2.683018717237816375e+00
2.667703755672199417e+00
2.656645210369876331e+00
2.642787390224864641e+00
2.631205929979114178e+00
2.622718205828838300e+00
2.611467696625344281e+00
2.598905451214299056e+00
2.588961939152131020e+00
2.575290407312714525e+00
2.562653657891025727e+00
2.550498506227368622e+00
2.542453824928085471e+00
2.534201174042806759e+00
2.524397696896688803e+00
2.515676988398848568e+00
2.505859183448970740e+00
2.498536959577289274e+00
2.491639343266404794e+00
2.479483913011340412e+00
2.473484456145312205e+00
2.464482483059580620e+00
2.456826276763150574e+00
2.448074959856101351e+00
2.443251589392536172e+00
2.436254476761880117e+00
2.431686462592797859e+00
2.424688659881797825e+00
2.417233940344493792e+00
2.411943201504761713e+00
2.407231368947077232e+00
2.401314734439470300e+00
2.394987416324204865e+00
2.390329383199218949e+00
2.384640427625161152e+00
2.381069383021759300e+00
2.377251869948322938e+00
2.373187612153843773e+00
2.370469228448378374e+00
2.366112873195206134e+00
2.362730200365586342e+00
2.359538800086026900e+00
2.355634157285492414e+00
2.349862573740277405e+00
2.347229496389970915e+00
2.344006737640524474e+00
2.341223024402290687e+00
2.338474924924316412e+00
2.332816768245965289e+00
2.329068232862096632e+00
2.326058181364356603e+00
2.322494222406338960e+00
2.319858815804281438e+00
2.315435038658170797e+00
2.311359612086518300e+00
2.308999331045482162e+00
2.304404076989277517e+00
2.301844913846338159e+00
2.297161313098372126e+00
2.294189242181772670e+00
2.291832906005925707e+00
2.289255084537403118e+00
2.287792820671771477e+00
2.285141040014901037e+00
2.283400233701670778e+00
2.281011686281215756e+00
2.279700290053155776e+00
2.278024445382347274e+00
2.276557947506147705e+00
2.275446713536369181e+00
2.273670147316858792e+00
2.270995027181707204e+00
2.269224542845442727e+00
2.262699051467394362e+00
2.260717285706296931e+00
2.259143886780153210e+00
2.257439861459231700e+00
2.255377715019700080e+00
2.253985289536336367e+00
2.249485417210472349e+00
2.246896703799204253e+00
2.245962782817986891e+00
2.245441513988663651e+00
2.242681425068398848e+00
2.241015246850690090e+00
2.240030345213679386e+00
2.238485886724717044e+00
2.237894272501759207e+00
2.236624054966254160e+00
2.235454921724311372e+00
2.233558028278763707e+00
2.233025044310741336e+00
2.232249533575382028e+00
2.231429126711155231e+00
2.231231634312872636e+00
2.230103623218717690e+00
2.229090994174577567e+00
2.227844185409644240e+00
2.226886404242299555e+00
2.226408951163843408e+00
2.226471171519186942e+00
2.225299102181306665e+00
2.222901139961483086e+00
2.222609862836075756e+00
2.221579147340505767e+00
2.220311483738503178e+00
2.219863353074087886e+00
2.219567414656685056e+00
2.217370698602683987e+00
2.216342854068305002e+00
2.216006325081966821e+00
2.215279525523986770e+00
2.214509332316086265e+00
2.214315829782174561e+00
2.213750311458214881e+00
2.213657546467867832e+00
2.213008436969281068e+00
2.212049249149711905e+00
2.211471906812784383e+00
2.210859557982402190e+00
2.209877186346546729e+00
2.209939196024199859e+00
2.209402895234729325e+00
2.209045308374645966e+00
2.208463668406563940e+00
2.208354433506560355e+00
2.208144234745350154e+00
2.207771121278284898e+00
2.207288353350807419e+00
2.206770408250562809e+00
2.206376270262286887e+00
2.206393030397038046e+00
2.206496997957424266e+00
2.205924622634476862e+00
2.205356187737168572e+00
2.206109986783137522e+00
2.204987939440997913e+00
2.204307441551848878e+00
2.204031529607889617e+00
2.203809846409148676e+00
2.203397387831850462e+00
2.203048725716194589e+00
2.203009934338293618e+00
2.202287978811475533e+00
2.201523021735393382e+00
2.201191719807564784e+00
2.200975425983767053e+00
2.200633909952851575e+00
2.200494301687043741e+00
2.198604295334007475e+00
2.198554177930850617e+00
2.198239678063131919e+00
2.197711013050167583e+00
2.197562555856049649e+00
2.197267369038666374e+00
2.197136568080613639e+00
2.196681629601495267e+00
2.196449687109106375e+00
2.195990479973577436e+00
2.195288677406294298e+00
2.195187662599281442e+00
2.194965327423392676e+00
2.194854704473649054e+00
2.194837610604804201e+00
2.194729401182405226e+00
2.194666489362210093e+00
2.194341842590548985e+00
2.194334640059929065e+00
2.194224771947289820e+00
2.194182070485028113e+00
2.194084539995692751e+00
2.194017444277650775e+00
2.193837384971602411e+00
2.193126362362380899e+00
2.192849283508497393e+00
2.192873221153579522e+00
2.192812416067909442e+00
2.192675394879990858e+00
2.192565830785330405e+00
2.192404467410810742e+00
2.192389253144516381e+00
2.192473904319444777e+00
2.192165699277992097e+00
2.191903241621330434e+00
2.191910119098236187e+00
2.191657128920956765e+00
2.191141293299252890e+00
2.191055600680051896e+00
2.190367316419353561e+00
2.190332460689899285e+00
2.190307826914182243e+00
2.190192633429881131e+00
2.190055830159172157e+00
2.190022981867687957e+00
2.189891339766101286e+00
2.189878466851254757e+00
2.189496979509657049e+00
2.189328018529466124e+00
2.189238382705599228e+00
2.189184970561762533e+00
2.189106252294135579e+00
2.189257781290557592e+00
2.189208986808864665e+00
2.188997340334708941e+00
2.189157782312574962e+00
2.188933189141873736e+00
2.189030704774496350e+00
2.188836842819071649e+00
2.188802208579220476e+00
2.188717818483565392e+00
2.188799858357627137e+00
2.188700572099008479e+00
2.188569679070995644e+00
2.188517903050546387e+00
2.188511234364083791e+00
2.188435447888764429e+00
2.188478072377484374e+00
2.188447753580537114e+00
2.188448620015273960e+00
2.188541343860225918e+00
2.188315750598916587e+00
2.188350372033763591e+00
2.188318652814803755e+00
2.188203962678716863e+00
2.188159121801751539e+00
2.188036518202542968e+00
2.188042896181228159e+00
2.188117245802838617e+00
2.188231507855206370e+00
2.188199621473038814e+00
2.187850634027000751e+00
2.187877305816346762e+00
2.187795287418194956e+00
2.187826391779035262e+00
2.187699220161578140e+00
2.187689911174846902e+00
2.187650686235877551e+00
2.187691109806383594e+00
2.187641348756788506e+00
2.187562725103771477e+00
2.187571186936544176e+00
2.187525910181616240e+00
2.187497447647438698e+00
2.187458443706017608e+00
2.187490813589644034e+00
2.187539221875888895e+00
2.187479574218999190e+00
2.187486131297255110e+00
2.187511030760906472e+00
2.187309439826184310e+00
2.187292666352670611e+00
2.187257500010771238e+00
2.187271278654112194e+00
2.187239189701153830e+00
2.187240163956795325e+00
2.187200785767266176e+00
2.187160031261193183e+00
2.187145617266695208e+00
2.187186357406127879e+00
2.187135565824417149e+00
2.187140608200353498e+00
2.186980866897225706e+00
2.186936005731738408e+00
2.186991811544331199e+00
2.186921590504662394e+00
2.186854408609820943e+00
2.186940598982528350e+00
2.186816815557049321e+00
2.186882450188139870e+00
2.186778904655637845e+00
2.186951758063996110e+00
2.186807728860832967e+00
2.186815842150481526e+00
2.186778747268733003e+00
2.186786021475628505e+00
2.186540916414481561e+00
2.186547267111861981e+00
2.186487452580549107e+00
2.186476514159716444e+00
2.186358435230146835e+00
2.186357689276404059e+00
2.186385402593880034e+00
2.186342439352903622e+00
2.186253816577871767e+00
2.186333395603095475e+00
2.186290590197170758e+00
2.186192962037968535e+00
2.186102962131708960e+00
2.186082075362630661e+00
2.185968932836690470e+00
2.185927310602062246e+00
2.185698083822112725e+00
2.185573813250760722e+00
2.185678188783117371e+00
2.185664789060145274e+00
2.185596805181759805e+00
2.185503700565447627e+00
2.185482547562278555e+00
2.185588963461592815e+00
2.185422079745767743e+00
2.185366566081071493e+00
2.185272536125461240e+00
2.185294652452487441e+00
2.185257202563563261e+00
2.185063100135167691e+00
2.185199795347842144e+00
2.184971378025641897e+00
2.184854839978942476e+00
2.185038526643046097e+00
2.184876359949776248e+00
2.184904339700046716e+00
2.185043788054489955e+00
2.184749269694473472e+00
2.184738272294270534e+00
2.184722827608256424e+00
2.184853461374809402e+00
2.184471880565241442e+00
2.184364292827918330e+00
2.184437647234752866e+00
2.184286958227750652e+00
2.184345912683538504e+00
2.184376092558948379e+00
2.184364903860490870e+00
2.184148025121974257e+00
2.184186405844683598e+00
2.184007668655894907e+00
2.184007523365785630e+00
2.184071925434380113e+00
2.184236532039902201e+00
2.183954037126835779e+00
2.183972175454765186e+00
2.183918803311923895e+00
2.183652039877795215e+00
2.183569424693576622e+00
2.183368238304573605e+00
2.183661542979498993e+00
2.183530246750987391e+00
2.183444444671220896e+00
2.183462466182326978e+00
2.183317204416263646e+00
2.183833547023944277e+00
2.183566347289364717e+00
2.183659766988474527e+00
2.182791891792695171e+00
2.183020118613927973e+00
2.183151941231175730e+00
2.182802425537783808e+00
2.182549663300858978e+00
2.182665645169556523e+00
2.182708812652231600e+00
2.182701497542688607e+00
2.182294246474028032e+00
2.182386988311564746e+00
2.182377524460661800e+00
2.182434418162976453e+00
2.181999499063222991e+00
2.182084787105160739e+00
2.181807381853169581e+00
2.181242046497850584e+00
2.181117856233450780e+00
2.181056412794053934e+00
2.181072044089952033e+00
2.180949688825696064e+00
2.181012995295228851e+00
2.180726376021829171e+00
2.180961723925883611e+00
2.180620384318336935e+00
2.180590308635074415e+00
2.180614683121662623e+00
2.180420470102528263e+00
2.180381212789153533e+00
2.179054883772250761e+00
2.178862022077143745e+00
2.178767767210922468e+00
2.178472777879505884e+00
2.178964673878876379e+00
2.178092201610952294e+00
2.177958538350579953e+00
2.177892935987386647e+00
2.177650762039328836e+00
2.177376101088718485e+00
2.177099758495010473e+00
2.176903129586629682e+00
2.176709487111641028e+00
2.176892947117068378e+00
2.175903062118265563e+00
2.175187609204326744e+00
2.174721876877156124e+00
2.174606045037788871e+00
2.174159308039247396e+00
2.174524557390731694e+00
2.174190999423203152e+00
2.173872778849890608e+00
2.173974521760603906e+00
2.173454526833781042e+00
2.172763539072234185e+00
2.172627012023519821e+00
2.172747315360791021e+00
2.172011256425816494e+00
2.171404222274194940e+00
2.171142794970045919e+00
2.170560501422383215e+00
2.169397450222160018e+00
2.168858108120244488e+00
2.167808329695423808e+00
2.167690932427303263e+00
2.167305358314759456e+00
2.166424413874639132e+00
2.164709276016585360e+00
2.164064656478517534e+00
2.163085245725629768e+00
2.163255912630128730e+00
2.161455964033279553e+00
2.161619673470219105e+00
2.160485240970006604e+00
2.159241963845153212e+00
2.158250053770111254e+00
2.158323331018691782e+00
2.157537923421894988e+00
2.156134366923805334e+00
2.155818891931088999e+00
2.155538960733213383e+00
2.153105922510574644e+00
2.151531297680504107e+00
2.150383723562300897e+00
2.149860109473589631e+00
2.148964625733107425e+00
2.148888036142994729e+00
2.147973892930207018e+00
2.146408021713341885e+00
2.144412457132283123e+00
2.141841151990842018e+00
2.139854715181413791e+00
2.140576883741655667e+00
2.139070794072438719e+00
2.134934329407686349e+00
2.136448058329316613e+00
2.135771076293567106e+00
2.134681007500487393e+00
2.131769522677368744e+00
2.132259492525709454e+00
2.129756506715604125e+00
2.126636506667551885e+00
2.121215345481831438e+00
2.118467042635478581e+00
2.118295000905258352e+00
2.114512040579548113e+00
2.116375641641432992e+00
2.112795933384666647e+00
2.111283345972581937e+00
2.110661169701634865e+00
2.103712537249001535e+00
2.096899589488646853e+00
2.096824706249433845e+00
2.095039190682798314e+00
2.096680485721412079e+00
2.092120668071464351e+00
2.085173297163794626e+00
2.091896064562501323e+00
2.093135337109174543e+00
2.093639274116949167e+00
2.098274419821211989e+00
2.103818945451658262e+00
2.114091523521913984e+00
2.125206089705395041e+00
2.130099220314246367e+00
2.138506904639041029e+00
2.158213799867650273e+00
2.167994529811906990e+00
2.193704554232049020e+00
2.211984361221933426e+00
2.247684116852243896e+00
2.289979911753578179e+00
2.308815098973370006e+00
2.332381051871557975e+00
2.365349255838763209e+00
2.389753750065876314e+00
2.426322035089756302e+00
2.465388825277324614e+00
2.519611234937585209e+00
2.561420867930206846e+00
2.620940766301916636e+00
2.684225042088091318e+00
2.738373502988172614e+00
2.796265596910671114e+00
2.853577260510302693e+00
2.924334330220333289e+00
2.974328499210861398e+00
3.019403638000361489e+00
3.113837982000988713e+00
3.177029641534779181e+00
3.224568432167539633e+00
3.309387416869999932e+00
3.398872766861778416e+00
3.459656675820590888e+00
3.548655012707937484e+00
3.648452728513516874e+00
3.776856165347274974e+00
3.872610465878328245e+00
3.972709761224279212e+00
4.100293396834377546e+00
4.232040041569521627e+00
4.382217435978460252e+00
4.578526781094374165e+00
4.773894894310057424e+00
4.982289455990472682e+00
5.232507596908106073e+00
5.592349494314325042e+00
6.009005348370478394e+00
6.546950303858345421e+00
7.159361792716232742e+00
7.936370679564210384e+00
8.897888828133199368e+00
1.019563952015011843e+01
1.179430179032732973e+01
1.406280860215699668e+01
1.746319060263698830e+01
2.307419135707720059e+01
3.457467429036993423e+01
2.038759510493584060e+02
