2.151638004350749256e+00
1.738327751287166656e+00
1.539999477998518218e+00
1.394603100864547640e+00
1.278170612270186357e+00
1.184065666396732830e+00
1.101738127675289780e+00
1.032503128497703537e+00
9.688655798904697303e-01
9.139621314251782369e-01
8.644199911782919354e-01
8.194256601836185094e-01
7.784849292802639154e-01
7.407789417165286938e-01
7.064832237910738666e-01
6.740449877085767927e-01
6.441641319771131968e-01
6.160873174089499527e-01
5.902109686760063090e-01
5.654321992982774825e-01
5.424178091520418521e-01
5.192087104743753345e-01
4.985030627010022530e-01
4.787441832741857195e-01
4.595983410583900919e-01
4.418900161065519860e-01
4.252231530262783332e-01
4.089113235469417074e-01
3.938747987740748857e-01
3.793427660037232974e-01
3.654713334986783857e-01
3.521805704494972433e-01
3.397741089965732875e-01
3.271844591004782754e-01
3.158847176532613710e-01
3.047345534398560596e-01
2.943984558226448445e-01
2.847320028670350944e-01
2.751148432771717278e-01
2.659508029813739127e-01
2.574394257041290879e-01
2.494390847413891776e-01
2.415874023737630827e-01
2.338121367082506563e-01
2.267500363087074089e-01
2.197572100553486507e-01
2.133100551183144122e-01
2.072107277241348744e-01
2.012794415050975505e-01
1.953971462976382134e-01
1.896260413660389998e-01
1.845060839136818676e-01
1.796004903865424385e-01
1.747756577316113280e-01
1.701462898209418484e-01
1.650366463853547017e-01
1.608586521585686213e-01
1.567360719487202458e-01
1.526940758165742651e-01
1.489979597074035378e-01
1.453794129100113852e-01
1.416223626520172751e-01
1.381298620130407551e-01
1.349249372792996060e-01
1.317270805669005229e-01
1.286570103304843227e-01
1.255964830022090473e-01
1.228685069918894479e-01
1.201049482429120685e-01
1.174506213358085804e-01
1.150408490607395806e-01
1.125978625855496434e-01
1.103758532672449999e-01
1.081916111684287501e-01
1.061351394688134359e-01
1.041770137385149703e-01
1.021919304766395753e-01
1.003188847308448539e-01
9.832145085495312686e-02
9.659149613735319717e-02
9.484333677073907010e-02
9.325042740569305932e-02
9.169032362721321605e-02
9.008379365919583215e-02
8.864326484864279432e-02
8.711210203878105851e-02
8.559280769028025648e-02
8.407694019726300039e-02
8.268897980307149398e-02
8.137577999864895051e-02
8.010750918229944673e-02
7.892831133382946507e-02
7.781184614529358667e-02
7.673973146534529555e-02
7.569992632536733101e-02
7.467878339568144452e-02
7.367397599676479836e-02
7.262526264107636853e-02
7.168558783856560090e-02
7.074161610774547249e-02
6.985232571460459061e-02
6.896883947184724584e-02
6.807422428108921009e-02
6.727699409760795612e-02
6.652551623221594768e-02
6.562043302848145909e-02
6.487831470383451093e-02
6.418406892673510222e-02
6.351722167168930011e-02
6.285304104045676132e-02
6.222608777305610461e-02
6.163023257055421505e-02
6.104298218162946404e-02
6.046124969953812350e-02
5.991880922725021513e-02
5.928204207390887909e-02
5.867394972711498236e-02
5.812618311301383234e-02
5.715107942599080559e-02
5.664442176159676517e-02
5.620131884370343361e-02
5.561441326677512426e-02
5.517102721657822506e-02
5.475074229544800442e-02
5.433183465568969250e-02
5.393946521509537101e-02
5.354735777753626136e-02
5.315271473547342890e-02
5.275082048477546665e-02
5.240065178425667991e-02
5.207207178526063185e-02
5.160472417423198760e-02
5.122164771350044832e-02
5.092725070321114933e-02
5.061673754727873814e-02
5.034981076993234189e-02
5.006678114254647233e-02
4.972366240949767369e-02
4.937222785601655395e-02
4.910914369743032970e-02
4.877005700707419400e-02
4.853700295719601265e-02
4.823978010962846896e-02
4.801513467406767766e-02
4.780740223727406035e-02
4.754755485776056279e-02
4.732956750392446760e-02
4.713332246973712947e-02
4.693885354399881388e-02
4.673545942080951920e-02
4.648275111237044899e-02
4.629908409496746868e-02
4.613793126119240112e-02
4.598319766504857520e-02
4.582924472157396539e-02
4.567686678217924845e-02
4.554365745698195356e-02
4.539357059175527093e-02
4.526095868854584925e-02
4.514219159745235660e-02
4.498905106044631674e-02
4.486004473587688196e-02
4.474954379906532359e-02
4.464093322782256013e-02
4.451732376105888012e-02
4.440558500826941035e-02
4.428292623800254846e-02
4.416035830941329038e-02
4.406001435332618926e-02
4.397184665377915080e-02
4.387901368649648609e-02
4.378569550033505065e-02
4.369491322115484633e-02
4.360112228707174048e-02
4.346419076284314259e-02
4.338331681129349582e-02
4.330460536141685080e-02
4.319027361728648012e-02
4.312672047945017434e-02
4.304398368121981761e-02
4.291293929195502677e-02
4.284239854405248737e-02
4.276020731577528239e-02
4.269605850761576393e-02
4.264005810109219169e-02
4.257275112492380637e-02
4.251337812681292572e-02
4.246119195887415598e-02
4.240462083391352555e-02
4.235896517554696428e-02
4.231508614474897845e-02
4.226218156103589418e-02
4.221390464098382506e-02
4.217356214113428259e-02
4.201548200850339226e-02
4.187084377156605197e-02
4.182595944643550945e-02
4.178589255012794129e-02
4.174514044114983197e-02
4.171120370458622495e-02
4.161007214572171042e-02
4.157420217527230122e-02
4.151882445711235076e-02
4.148584908773145230e-02
4.144762308176344612e-02
4.140689075282732307e-02
4.137876239148205459e-02
4.133880092024284914e-02
4.131251578771852340e-02
4.128432192085054742e-02
4.125552577740418392e-02
4.122081804302480529e-02
4.119708227387306604e-02
4.117159944995500004e-02
4.114889598545694305e-02
4.112037654355935046e-02
4.109963243742383032e-02
4.107948147800732919e-02
4.105437563292607672e-02
4.103592268248204555e-02
4.101457941429089565e-02
4.099151624681721118e-02
4.096037643464312678e-02
4.093315117021201904e-02
4.091358718985570880e-02
4.089037944847511569e-02
4.087414727061048497e-02
4.085453128649259302e-02
4.083258862063102873e-02
4.079801817314367141e-02
4.078343099546487965e-02
4.077039460635398238e-02
4.075453178918082148e-02
4.072430741824779876e-02
4.071147678802292807e-02
4.069729925118688307e-02
4.068223341301209495e-02
4.067067771037909812e-02
4.065922256379750355e-02
4.064349084117596655e-02
4.063273746414001325e-02
4.062231002126358292e-02
4.060978025399419877e-02
4.059536409316497757e-02
4.058669031789685633e-02
4.057588124539171504e-02
4.056708405287134944e-02
4.055630725108688717e-02
4.054507377698000209e-02
4.053646429122433753e-02
4.052726576790258856e-02
4.051908918685714900e-02
4.050962430405648934e-02
4.049860470736339063e-02
4.049031007639020824e-02
4.048264869808887445e-02
4.047284427142460589e-02
4.046301568486768835e-02
4.045142381759544298e-02
4.044415767576863691e-02
4.043797691894659985e-02
4.042996499981452857e-02
4.042236656983776849e-02
4.041550779112905445e-02
4.040276155045655765e-02
4.038531184366025983e-02
4.038025582122620194e-02
4.037468784482180217e-02
4.036941304253123530e-02
4.036407515469406931e-02
4.034124370590339015e-02
4.033506621307801632e-02
4.032995256015311364e-02
4.031315550712392948e-02
4.030911418191596152e-02
4.030421245005491593e-02
4.029844843194975434e-02
4.029190873365923187e-02
4.028768325103772308e-02
4.027762123625565349e-02
4.027153364662690999e-02
4.026700072881050224e-02
4.026349904205712288e-02
4.025981886188851472e-02
4.025642131212991970e-02
4.025145248646671420e-02
4.024839509692343387e-02
4.024475637147936075e-02
4.024058192511102694e-02
4.023760727222190636e-02
4.023340029788320671e-02
4.023008903126184393e-02
4.022678171272092706e-02
4.022417042210340438e-02
4.021888630198310749e-02
4.021498840619882470e-02
4.021260904452171603e-02
4.021054044414785339e-02
4.020586978702624797e-02
4.020384033565277404e-02
4.020080566154017598e-02
4.019835325416700605e-02
4.019551759412572089e-02
4.019340156581631407e-02
4.019043000751985895e-02
4.018837804723967427e-02
4.018599216724248052e-02
4.017681987970656704e-02
4.017451645487244566e-02
4.016682197730186282e-02
4.015970859435376988e-02
4.015570816827688377e-02
4.015361402636930671e-02
4.015205630523406566e-02
4.015056284739808995e-02
4.014764732221740018e-02
4.014628202332036488e-02
4.014448151678339655e-02
4.014265960930128718e-02
4.014146770738055703e-02
4.014006927506933581e-02
4.013900029925243640e-02
4.013578220062727353e-02
4.013458607388959570e-02
4.013368836604197520e-02
4.013258458776652188e-02
4.013046307075312374e-02
4.012915728116818459e-02
4.012736321833873521e-02
4.012635171240968440e-02
4.012323186320349011e-02
4.012195310388732422e-02
4.012001422043529053e-02
4.011877109477471337e-02
4.011777273751623851e-02
4.011720140944493446e-02
4.011646629238687506e-02
4.011598844155634530e-02
4.011545140330923659e-02
4.011497687999918127e-02
4.010497761291789004e-02
4.010341633313695836e-02
4.010299083426104028e-02
4.010268963732954023e-02
4.010038005800481420e-02
4.009990650036966003e-02
4.009927478971602594e-02
4.009897594751109934e-02
4.009486162376363350e-02
4.009406113062208288e-02
4.009384157428162732e-02
4.008949344943410487e-02
4.008922366439730822e-02
4.008900386878348071e-02
4.008889004825854502e-02
4.008861179238488309e-02
4.008845525418808231e-02
4.008800539133599433e-02
4.008782523739349429e-02
4.008762560469068120e-02
4.008753199294626951e-02
4.008681286917108177e-02
4.008666874919043083e-02
4.008648764193275399e-02
4.008641483049044107e-02
4.008634295596198716e-02
4.008619769997538024e-02
4.008610126099291376e-02
4.008603299188425589e-02
4.008593083230815174e-02
4.008510168605661228e-02
4.008501786021020225e-02
4.008493947978044453e-02
4.008485341954111381e-02
4.008475568505847492e-02
4.008461311915627323e-02
4.008448549638114061e-02
4.008439002319608840e-02
4.008430067088455950e-02
4.008415957645088817e-02
4.008409946625501180e-02
4.008402309394457769e-02
4.008383802499547455e-02
4.008380470384091676e-02
4.008369723136837037e-02
4.008330746915962639e-02
4.008318765387612614e-02
4.008304344609933678e-02
4.008260226552967653e-02
4.008237462061000483e-02
4.008228174807453026e-02
4.008214758690792356e-02
4.008195250181912500e-02
4.008175141906029915e-02
4.008158076685031102e-02
4.008134055618315511e-02
4.007586837955193909e-02
4.007544474061992823e-02
4.007534026481063966e-02
4.007516924617138959e-02
4.007507945412812356e-02
4.007486780951667604e-02
4.007457343968845453e-02
4.007437831211740908e-02
4.007428658257267823e-02
4.007413819805846072e-02
4.007397163951675195e-02
4.007369756218317342e-02
4.007349598104215094e-02
4.007338735122061707e-02
4.007181799764088226e-02
4.007151353257022708e-02
4.007024486781818329e-02
4.007006371462205202e-02
4.006980213369618765e-02
4.006964335763730373e-02
4.006907123370095913e-02
4.006879153555380213e-02
4.006858036158043868e-02
4.006848640853707261e-02
4.006835468705085418e-02
4.006762459628331746e-02
4.006743549661480330e-02
4.006726427935525942e-02
4.006701376539052034e-02
4.006664561972819727e-02
4.006653109108015975e-02
4.006625900989298217e-02
4.006597322917641868e-02
4.006574894539779996e-02
4.006523459014046940e-02
4.006369790715753887e-02
4.006340232000130119e-02
4.006312687416253154e-02
4.006295988983753914e-02
4.006274956622694894e-02
4.006173257967247936e-02
4.005520344418587314e-02
4.005497847441089748e-02
4.005447921113636928e-02
4.005422914012504720e-02
4.005385790733870938e-02
4.005378550883021554e-02
4.005344329692983596e-02
4.005326606151095314e-02
4.005289204725195201e-02
4.005269726776147787e-02
4.005193982981293532e-02
4.005115180621234700e-02
4.005010782312690143e-02
4.004958024672375383e-02
4.004758996630715384e-02
4.004723095316052583e-02
4.004606727605911770e-02
4.004459045829088931e-02
4.004315151935466249e-02
4.004260228379013381e-02
4.004223818699950699e-02
4.004182018045868152e-02
4.004150376113351645e-02
4.004107691568437044e-02
4.004013598237104316e-02
4.003944384673326085e-02
4.003902884005241386e-02
4.003793781205895741e-02
4.003712467813427128e-02
4.003652762677035321e-02
4.003510339285851205e-02
4.003453218798852520e-02
4.003367137355099553e-02
4.003042705541948881e-02
4.002936125379077253e-02
4.002838485777266558e-02
4.002779551859555335e-02
4.002727416494687718e-02
4.002654897268092399e-02
4.002572783013036428e-02
4.002445793639560628e-02
4.002266361148425905e-02
4.002056190758168652e-02
4.000280720332814732e-02
3.999872903989976775e-02
3.999680489079938256e-02
3.999601819236201644e-02
3.999472518550075545e-02
3.999334082196169537e-02
3.999236989940493925e-02
3.999083862406275364e-02
3.998889695474290573e-02
3.998769539937156031e-02
3.998652196662181441e-02
3.998384554845556965e-02
3.992483611563417412e-02
3.991931474538126107e-02
3.991723689651256735e-02
3.991538829880795364e-02
3.991393302339701216e-02
3.991030671826759774e-02
3.990826800158746995e-02
3.990436651191834466e-02
3.990203420044699523e-02
3.990005495813218200e-02
3.989813481543881546e-02
3.989573206176730280e-02
3.989281995514950413e-02
3.988847936601576383e-02
3.987144900156138622e-02
3.983274431014782041e-02
3.982239404703966784e-02
3.981977010735686384e-02
3.981752152148495399e-02
3.980913509330035599e-02
3.980474137880104374e-02
3.980298726362337114e-02
3.979253065264996142e-02
3.978791443300803976e-02
3.978082801858335432e-02
3.977724589230940966e-02
3.976736175835575426e-02
3.976168291715936193e-02
3.975689149938433503e-02
3.974429961031946540e-02
3.973456932409342307e-02
3.971783325609591631e-02
3.970889762597315520e-02
3.969862282223907829e-02
3.968735793890378755e-02
3.967611748698485208e-02
3.966783777645856851e-02
3.965222025273409945e-02
3.963619457183716749e-02
3.960434043996348408e-02
3.958484398408937399e-02
3.955894083783843135e-02
3.954338163786322996e-02
3.952151414235485077e-02
3.950932661079466224e-02
3.949624657488214757e-02
3.945313501242440901e-02
3.943338746467968392e-02
3.940557640852873633e-02
3.939080067248391243e-02
3.937591166442031693e-02
3.935259649026283391e-02
3.932728709686612867e-02
3.931069101390655129e-02
3.925455014599027459e-02
3.923541254943063716e-02
3.920493621198672951e-02
3.918829030920128326e-02
3.915285475261581077e-02
3.912773769138817165e-02
3.910292771708644838e-02
3.906757805614542722e-02
3.903626108543449547e-02
3.901393680160204769e-02
3.897258700867763104e-02
3.895709962349210714e-02
3.893323347284587121e-02
3.891656499329074204e-02
3.886027245307748651e-02
3.881016444882420813e-02
3.875739539849182291e-02
3.868203505941033432e-02
3.853799946348464983e-02
3.847640859397397778e-02
3.843892601752996185e-02
3.834792655854694921e-02
3.827120742144522053e-02
3.820057860998328503e-02
3.814799884699771049e-02
3.808760661060014985e-02
3.796110914097963057e-02
3.785852386094040734e-02
3.779895790461108157e-02
3.777611311640100694e-02
3.780054748222756722e-02
3.774033834201499099e-02
3.763330827263816625e-02
3.767648135048661667e-02
3.754314028463731634e-02
3.752216785541690608e-02
3.745017794254430071e-02
3.753199812272496605e-02
3.752550480061788568e-02
3.763405096362899827e-02
3.771756486876130104e-02
3.766523890561192939e-02
3.799325985471451589e-02
3.824412259313692691e-02
3.859902570099744967e-02
3.899075692090528400e-02
3.969124788751231259e-02
4.046819698715004715e-02
4.125726965678071928e-02
4.191997923368257634e-02
4.253047507462744126e-02
4.322385301925987106e-02
4.425664361720714479e-02
4.546877462860832858e-02
4.691443225681662943e-02
4.796168140222616810e-02
4.990370837828889128e-02
5.179760051250371228e-02
5.389175392049651292e-02
5.603949514965304163e-02
5.797073885641833985e-02
6.050232447580897871e-02
6.256407361088237029e-02
6.444772308997366583e-02
6.823457214653511071e-02
7.110889241418714979e-02
7.400846264791355322e-02
7.758042118679955856e-02
8.216398741250560689e-02
8.508552388494068641e-02
8.972061563151129127e-02
9.465361565969367119e-02
1.002102599857718629e-01
1.062962549745514740e-01
1.129554193069854245e-01
1.199790160249039062e-01
1.271526843781988214e-01
1.386355098525856311e-01
1.530321926776002650e-01
1.675868516928306351e-01
1.845150919689706182e-01
2.080614707514658601e-01
2.402464349594081727e-01
2.852603876044055298e-01
3.506640725852925300e-01
4.410525078929837250e-01
5.855129496172453152e-01
8.057392486153889255e-01
1.175660678729118835e+00
1.789178223301552295e+00
2.946858840773666444e+00
5.580646522389094422e+00
1.278595439353269470e+01
4.413480378771174628e+01
1.924480400299155008e+04
