2.299343103202759026e-04
8.287017336453455845e-05
2.615878377259504590e-05
5.460254308389616419e-06
1.972556669127692562e-06
1.801730351560587716e-06
1.785583749147633951e-06
1.782740653741978284e-06
1.779124764317915270e-06
1.777576592829702586e-06
1.777426090057190718e-06
1.777363841357478329e-06
1.777196865169130101e-06
1.776358397864116346e-06
1.776191763489099814e-06
1.775905520620285959e-06
1.775494418031028998e-06
1.775190804719284134e-06
1.774932625557286712e-06
1.774629997379761920e-06
1.773830922287969608e-06
1.773364121877056254e-06
1.772720154773314648e-06
1.772342198434653613e-06
1.771990593944007428e-06
1.771691312903834076e-06
1.770043578974470002e-06
1.769841803257502993e-06
1.769550463329507832e-06
1.769416510735126042e-06
1.768944703806558930e-06
1.768477081607186109e-06
1.767503902809202746e-06
1.767316868690416125e-06
1.767135200716385089e-06
1.766900171364047413e-06
1.766660030269145799e-06
1.766104298201342530e-06
1.765949815074231716e-06
1.765637828239852926e-06
1.765383931993796773e-06
1.764777328391147691e-06
1.764367122774104421e-06
1.764154536311270653e-06
1.763835894222023990e-06
1.763249793910819829e-06
1.762862717124060105e-06
1.762415910552044368e-06
1.761456571870380458e-06
1.761081012854862611e-06
1.760774067943426984e-06
1.760404960978924137e-06
1.759988475889613187e-06
1.759509695396603235e-06
1.758852847348131767e-06
1.758271696608718737e-06
1.757758060414273692e-06
1.757481373386648083e-06
1.756936015056811722e-06
1.756189579091599214e-06
1.751145706186776954e-06
1.749519884172047706e-06
1.744998474876082993e-06
1.744436853308110499e-06
1.742675330375025887e-06
1.742293783902140306e-06
1.741941384429543521e-06
1.741701003627636085e-06
1.741371303946440678e-06
1.740906013126064158e-06
1.740596057050893233e-06
1.740505981567315873e-06
1.739746992739240850e-06
1.739306250956676099e-06
1.738368356841485451e-06
1.737905839757903716e-06
1.737200305852040830e-06
1.736427882782726562e-06
1.735726110659867269e-06
1.735479661652354668e-06
1.735125687238006754e-06
1.734504251206468876e-06
1.732115218296484870e-06
1.731627392031435422e-06
1.731095697289183392e-06
1.730757289770369882e-06
1.729742005260337426e-06
1.729527288063203916e-06
1.728958147928095900e-06
1.728577804769377614e-06
1.727282536331063390e-06
1.727068064191045248e-06
1.726006598231336215e-06
1.725094337294386837e-06
1.724137495308430423e-06
1.722718982474713762e-06
1.721759616473918762e-06
1.721329725349312871e-06
1.720788710275097056e-06
1.720378019737913575e-06
1.719355243029951681e-06
1.718794781776779167e-06
1.718336933803908341e-06
1.717881508864673195e-06
1.716317350228712476e-06
1.716023544920364852e-06
1.715430121976152126e-06
1.714998663049585320e-06
1.712665226147840273e-06
1.712181808290940746e-06
1.711594099315693979e-06
1.710537884143933096e-06
1.709956138473574917e-06
1.709265915002619036e-06
1.705936322704261825e-06
1.705529089809358593e-06
1.705097022846687132e-06
1.704295334424344603e-06
1.701099914460462792e-06
1.700294225432749517e-06
1.699575703560484301e-06
1.698965279024134404e-06
1.698342411220970260e-06
1.697836367230631790e-06
1.696526526878214410e-06
1.695183472024507904e-06
1.692444935734518108e-06
1.691676717596759878e-06
1.690114265861923890e-06
1.689416810530661342e-06
1.688755887724014751e-06
1.688450743725258147e-06
1.687327147468477865e-06
1.686068168154212917e-06
1.684897081340569560e-06
1.683659728747561311e-06
1.682704779346243429e-06
1.682208815138656186e-06
1.681506665655006183e-06
1.680913451544038522e-06
1.679786447230221502e-06
1.678732294160779726e-06
1.677836031128363181e-06
1.677031588361930633e-06
1.675735596985366617e-06
1.675198434412366452e-06
1.674184908759316640e-06
1.673533882602544965e-06
1.672511516276446705e-06
1.671044877444430587e-06
1.670433116531638943e-06
1.668828280966196827e-06
1.668063501247399917e-06
1.667487624226337283e-06
1.666641197579191496e-06
1.664586973808347030e-06
1.662544631311345992e-06
1.662071907797615763e-06
1.660906979007807382e-06
1.659628325905611527e-06
1.658582405857313289e-06
1.657618482942071250e-06
1.656350673712851108e-06
1.653665876758197858e-06
1.650851575328260986e-06
1.649649734565627049e-06
1.647859248248326461e-06
1.646176822255859431e-06
1.642747106247084963e-06
1.641425629640106161e-06
1.640137608798002683e-06
1.638907236143183596e-06
1.638195469256504678e-06
1.636767555179791726e-06
1.635424963438378586e-06
1.632857996212661552e-06
1.632035780687234662e-06
1.631325383678882525e-06
1.630054737510306956e-06
1.629705843216591574e-06
1.628573598112369832e-06
1.627743078611371319e-06
1.622758412785584800e-06
1.619855235505984317e-06
1.618147718550440656e-06
1.617180698374801515e-06
1.616162843634556933e-06
1.614729018384486881e-06
1.612775879074335082e-06
1.611188660967952697e-06
1.610095944301442882e-06
1.608644540687239270e-06
1.606015458581845902e-06
1.604641850752492465e-06
1.603590066439288389e-06
1.602212079667860673e-06
1.601507014067069200e-06
1.599018139528939154e-06
1.597325357686277862e-06
1.595478515561912026e-06
1.591844724439830940e-06
1.591256667255302033e-06
1.591213403596774021e-06
1.587772259407487564e-06
1.586461892688603919e-06
1.584814453180986239e-06
1.584249083780298898e-06
1.578490279457084391e-06
1.575421699333167311e-06
1.573694758553399347e-06
1.572851793558632362e-06
1.571912644701808150e-06
1.571538342321686884e-06
1.569759866498872428e-06
1.567237460467965104e-06
1.564886309908848601e-06
1.562315093369583627e-06
1.559898130592316036e-06
1.558001623906019911e-06
1.555867837684397867e-06
1.552965755581523239e-06
1.550956136593354810e-06
1.549552519929758613e-06
1.548000003231155664e-06
1.545269051010334773e-06
1.544135380564053829e-06
1.543620761740851182e-06
1.542901887400491201e-06
1.541979756408040820e-06
1.539993685272399378e-06
1.538285335603519033e-06
1.536331132223378546e-06
1.531025603418158411e-06
1.530279580897221582e-06
1.529357178028970021e-06
1.527930342222975038e-06
1.526916914279708589e-06
1.526245263241928353e-06
1.524570718716007813e-06
1.521869916366105978e-06
1.519800990073176905e-06
1.518218543622580606e-06
1.515355033810626591e-06
1.511402258447895756e-06
1.510411382269801561e-06
1.508486725495528523e-06
1.507429411690000477e-06
1.506918185287145364e-06
1.505113423241090020e-06
1.503994561114713657e-06
1.502905466209843697e-06
1.501166028627276528e-06
1.500037053967402133e-06
1.499336849968337524e-06
1.496885816665302262e-06
1.493673733636923562e-06
1.492024993681897094e-06
1.490346731594593361e-06
1.487473104422308183e-06
1.485873230041692147e-06
1.485014307163817324e-06
1.483714723650281616e-06
1.482286313283030117e-06
1.480382602210246959e-06
1.478250077951394136e-06
1.476005959098562923e-06
1.472797072020914804e-06
1.470999071010808665e-06
1.468041376709453327e-06
1.466111204688311907e-06
1.464679904283102849e-06
1.463449707121150740e-06
1.462448818239964457e-06
1.460568025319867372e-06
1.458813756235755783e-06
1.457435225471620106e-06
1.455547122710293371e-06
1.448387919207453493e-06
1.445585437561190649e-06
1.444912177853357896e-06
1.444171853774268310e-06
1.439838925149431884e-06
1.438260008032590485e-06
1.435883223985710990e-06
1.433302713895229226e-06
1.432865985519769313e-06
1.428627941877908566e-06
1.424757129446061230e-06
1.421994886540053787e-06
1.422214808179313327e-06
1.421778636934777188e-06
1.420635528986328281e-06
1.417853855200709978e-06
1.415629096473499816e-06
1.414283807096537167e-06
1.411751064328593853e-06
1.407268210737580349e-06
1.405173963579820527e-06
1.402476555571091735e-06
1.400909401618049991e-06
1.397078337005404298e-06
1.395857607495194422e-06
1.394220565909847731e-06
1.392304651438824295e-06
1.391390200900134030e-06
1.385909910464425298e-06
1.384240107833970776e-06
1.381629681324384845e-06
1.379074986213513032e-06
1.378961293623609518e-06
1.375445957564049347e-06
1.373602224215859238e-06
1.372394472957811561e-06
1.371992020428452149e-06
1.370339497050611121e-06
1.368163946149458074e-06
1.366551789564422200e-06
1.363332196972714258e-06
1.360492585177509130e-06
1.357661307720803093e-06
1.355062479855292688e-06
1.350032507709798642e-06
1.349380390199588030e-06
1.342356881592862526e-06
1.338049672143559719e-06
1.336417704340287104e-06
1.335388946342409770e-06
1.332777558959092319e-06
1.330906102720585267e-06
1.328731776113025057e-06
1.325432563883556913e-06
1.322730553712010847e-06
1.320848258773381162e-06
1.320088903241136676e-06
1.318076741925358658e-06
1.316688282176100990e-06
1.314270447570395701e-06
1.312507662854816102e-06
1.308265384150647389e-06
1.301247627353644094e-06
1.300204020495754018e-06
1.296222942387278473e-06
1.293200110332277196e-06
1.290673271254870635e-06
1.287262728105189471e-06
1.285768064695804555e-06
1.285957067155979063e-06
1.280373490342861603e-06
1.278939580384091909e-06
1.277707329920439440e-06
1.273000948566579255e-06
1.272215830785096317e-06
1.268622464609482324e-06
1.265300585356542305e-06
1.264721855065055642e-06
1.266052810124730856e-06
1.262278361381221506e-06
1.262703736708885894e-06
1.261818048737788109e-06
1.259973809680126348e-06
1.259250228608467848e-06
1.256220616458321871e-06
1.253437388733946671e-06
1.249178421227970880e-06
1.247703239817318534e-06
1.245676492833370995e-06
1.239745377093282394e-06
1.237287589062953367e-06
1.233778439143514039e-06
1.231825258463094872e-06
1.227264778804270291e-06
1.216110136428287406e-06
1.214364435895638686e-06
1.214386899782544714e-06
1.210019768482458728e-06
1.207892777042786665e-06
1.203646218683008776e-06
1.203206627617275451e-06
1.201226843300828939e-06
1.198643807723942157e-06
1.198380286039647382e-06
1.196602601885721303e-06
1.191068697576358032e-06
1.191346052502128446e-06
1.192222826498994308e-06
1.191400073306510824e-06
1.188394348862158586e-06
1.187619183795060584e-06
1.182945153363821544e-06
1.183814306405626939e-06
1.179950292984003920e-06
1.175717931576607469e-06
1.175095008370657254e-06
1.161457925714818055e-06
1.165653299045785534e-06
1.162080592541144115e-06
1.159820186410818661e-06
1.155751832779918276e-06
1.156283961661091636e-06
1.157442359110767929e-06
1.157455584767093536e-06
1.159001255629166797e-06
1.153558630813884651e-06
1.151955395567882676e-06
1.146464803865483723e-06
1.137074108549907954e-06
1.134701011593862083e-06
1.131242149414118402e-06
1.129577065146719316e-06
1.126394749482600660e-06
1.125779327192147684e-06
1.126491828625111729e-06
1.119055213904800239e-06
1.117192910255333617e-06
1.110573949859884399e-06
1.109938085990124063e-06
1.113174279505920040e-06
1.111746916760005204e-06
1.113726143322198514e-06
1.111324190303446728e-06
1.108113749683030886e-06
1.114719976263102553e-06
1.113777359808060286e-06
1.102055981575985252e-06
1.098454738190630351e-06
1.098438536483288377e-06
1.098342296251041339e-06
1.096644400014864506e-06
1.093603757031546652e-06
1.087338513773040384e-06
1.075674732081805975e-06
1.070431003797439032e-06
1.067196385233156661e-06
1.047322960172431954e-06
1.033366650335571656e-06
1.019327557483787568e-06
1.020835694008153670e-06
1.016623339379737360e-06
1.012781674379600229e-06
1.016857920449989204e-06
1.013425479610178290e-06
1.011197552384735668e-06
9.817830348397460701e-07
9.882444750088576294e-07
9.903437483583842486e-07
9.889923736601674694e-07
9.977815886787252987e-07
9.885614358366861454e-07
9.869420690261877802e-07
9.907726165029309845e-07
9.828154952448455924e-07
9.915135405973053396e-07
9.869125442883039736e-07
9.903328742709693313e-07
9.929449445873938806e-07
9.945041168914598981e-07
1.019891638548869854e-06
1.028345093032236335e-06
1.038235163914678098e-06
1.030171768471810878e-06
1.007011515755317072e-06
1.013331613954602859e-06
1.002283293079580208e-06
1.018732578328626230e-06
1.048961237562566810e-06
1.051236136727728563e-06
1.031407605064933483e-06
1.033847685808041509e-06
1.040072655393073492e-06
1.064730975549079971e-06
1.055615370542633829e-06
1.063246395315225105e-06
1.081825170871638191e-06
1.081497071192430009e-06
1.103445463937602320e-06
1.115205956911254495e-06
1.140500561352939940e-06
1.159801784814802294e-06
1.231795559652976947e-06
1.237521862038729428e-06
1.255612535777234827e-06
1.264237365007716914e-06
1.272014542419129351e-06
1.260061964109681766e-06
1.276861268708329086e-06
1.314149219560950082e-06
1.374212928668287610e-06
1.448310416568306648e-06
1.488250570686529791e-06
1.572122120702222010e-06
1.604781763142581364e-06
1.633845928901203756e-06
1.735488832584361343e-06
1.819657199019440869e-06
1.928116310787790501e-06
2.128234979807524103e-06
2.336760440143466076e-06
2.481264726526950224e-06
2.685751003027097865e-06
3.302021025994023905e-06
4.630467139410980686e-06
