2.039590829359948579e-02
9.813077601856936560e-01
1.951104410013237755e+00
2.935883268124088730e+00
3.969441409017797184e+00
5.049862503727896801e+00
6.129935174989546098e+00
7.239798051093586650e+00
8.368824216862325471e+00
9.480254998484385354e+00
1.059621528493628340e+01
1.173691363622805994e+01
1.281716051921393529e+01
1.391099591668932511e+01
1.493183660171464489e+01
1.598403539710037613e+01
1.704389950835198064e+01
1.806090753544435756e+01
1.904202794734649373e+01
1.996827166611791071e+01
2.091228498076023357e+01
2.171170256429622114e+01
2.250606800782970751e+01
2.350339011008471246e+01
2.455558890547043660e+01
2.553374771806074861e+01
2.630929829537797460e+01
2.708537150786787251e+01
2.789071229002751551e+01
2.891399193919198041e+01
2.985539207797091521e+01
3.068059299669212336e+01
3.144882668159192818e+01
3.222960361063587698e+01
3.304051916797066468e+01
3.383732357564331039e+01
3.470276740266039184e+01
3.567500301662708040e+01
3.655002848847649233e+01
3.742453132515322523e+01
3.829676940941503460e+01
3.915960006056874221e+01
3.995849500893202588e+01
4.079571653662469544e+01
4.158502984015568416e+01
4.236458728713007105e+01
4.319710509826870748e+01
4.401028540801841871e+01
4.480517348672452727e+01
4.562096697233759102e+01
4.652177577937221997e+01
4.764766613410493079e+01
4.881188306816704170e+01
4.981634785111528174e+01
5.076454224713898356e+01
5.156883775895325783e+01
5.243532685631564760e+01
5.365929841178670756e+01
5.460278909125634073e+01
5.542015048238742736e+01
5.658070897024079215e+01
5.778952410570435205e+01
5.886001513213368952e+01
5.982371437161334171e+01
6.068793871656087902e+01
6.154589143943630347e+01
6.238694562506194075e+01
6.322050870654592813e+01
6.400755725766192938e+01
6.479599950257178875e+01
6.560639242473388322e+01
6.647636575658080460e+01
6.742212118846533997e+01
6.851717606801032900e+01
6.963400741308338127e+01
7.075867828574652663e+01
7.174276029696049761e+01
7.267126876814684522e+01
7.357451653932058377e+01
7.450476712774917587e+01
7.543327559893552348e+01
7.633060017148568477e+01
7.718419760125547668e+01
7.800695955583756813e+01
7.884139369594267066e+01
7.974307356159842186e+01
8.065520613070764000e+01
8.153319320186892583e+01
8.268922218489238674e+01
8.365849619954728666e+01
8.463421604799850684e+01
8.552021685847407184e+01
8.653548276832421493e+01
8.777774655483901256e+01
8.861618756460126178e+01
8.943110999159318908e+01
9.022268804753910842e+01
9.107750495937851554e+01
9.204033314023709522e+01
9.296256998935140814e+01
9.409786777719226336e+01
9.516975249741528842e+01
9.630104341559898273e+01
9.745567870482881290e+01
9.857129056783223575e+01
9.959944814527500512e+01
1.005246465937010925e+02
1.014338175634985362e+02
1.023504796374376156e+02
1.032594763955107595e+02
1.041778805866920976e+02
1.050522092116446515e+02
1.058706158731211389e+02
1.067087084594350017e+02
1.075258956388418738e+02
1.083761830458514623e+02
1.092647970321903870e+02
1.101248402957564281e+02
1.111047412255889242e+02
1.122158235837625284e+02
1.133709815081649026e+02
1.145447800870592943e+02
1.156238074879754549e+02
1.167169460385538855e+02
1.178358679243176823e+02
1.187563626561898786e+02
1.196150122259621043e+02
1.205130336454090525e+02
1.214504269145308371e+02
1.225858989140958499e+02
1.236743337481203326e+02
1.248890720822073490e+02
1.261367364321728957e+02
1.273798712773086379e+02
1.285473982341309807e+02
1.297691050371870745e+02
1.309624153291946129e+02
1.322010206695003944e+02
1.334042610297885858e+02
1.346827608549418756e+02
1.358884401793692405e+02
1.370481276086013338e+02
1.379200172694146431e+02
1.387966106467820850e+02
1.396256442234359838e+02
1.404743637249275707e+02
1.413396333402204448e+02
1.421939276168872084e+02
1.433023967991975098e+02
1.445493643022661558e+02
1.456634082597516908e+02
1.467286729344543232e+02
1.477860980815667915e+02
1.487602500244999533e+02
1.499931063779064289e+02
1.511099377229794527e+02
1.521091761542009806e+02
1.529779300039783436e+02
1.542184516732508541e+02
1.554429458638945789e+02
1.567540232814779984e+02
1.576252160953943928e+02
1.585455366155421757e+02
1.595156816888181481e+02
1.605309475986682628e+02
1.615354123816165384e+02
1.624924915755756558e+02
1.634621140136790700e+02
1.644914910731913835e+02
1.655165128395980503e+02
1.666910082653894278e+02
1.677240437711104732e+02
1.687499365961383546e+02
1.697242627507957593e+02
1.708928349779634175e+02
1.719999104664799461e+02
1.731698763874414340e+02
1.741760832876319398e+02
1.750770663063906341e+02
1.759301411009874698e+02
1.768840844839107831e+02
1.779974315944991758e+02
1.790877827574900039e+02
1.801509568915019770e+02
1.812785893634766410e+02
1.823891490864777438e+02
1.834775839205022407e+02
1.845808267510855387e+02
1.857917324272399071e+02
1.869913143413192813e+02
1.882584904043982021e+02
1.895415197343813531e+02
1.908301238395399082e+02
1.921108884171082423e+02
1.933345115491309230e+02
1.945734653128854461e+02
1.958368087180311647e+02
1.971583388390682217e+02
1.984749910318268178e+02
1.997928627066548302e+02
2.010530703007646594e+02
2.022963793576243461e+02
2.035457858248323930e+02
2.047535556899504456e+02
2.058195172115497087e+02
2.067765964055085703e+02
2.077720021787971518e+02
2.087261197734444522e+02
2.096020163039147803e+02
2.105056124985373458e+02
2.116492724491410229e+02
2.128870067308261014e+02
2.141226504718204922e+02
2.153833807011031070e+02
2.166716363828126646e+02
2.179396835045128284e+02
2.192357787138126923e+02
2.204752551127398021e+02
2.217781445792846569e+02
2.229773780699157157e+02
2.240942094149891091e+02
2.253110382897669695e+02
2.263851877624047120e+02
2.272434889087288070e+02
2.280638118991719239e+02
2.289221130454957915e+02
2.298323292856384512e+02
2.309387079272581502e+02
2.320463060509474644e+02
2.330697599118362575e+02
2.342792718941967394e+02
2.354903517820754075e+02
2.367735553237829720e+02
2.378510148191813016e+02
2.389009488621521768e+02
2.398179593595396284e+02
2.407614500390092473e+02
2.417923950040397187e+02
2.427613205952462181e+02
2.436882611609144362e+02
2.447507384480295514e+02
2.458564202427525629e+02
2.470457236651030826e+02
2.483392056985397858e+02
2.496027233154102873e+02
2.508827910460817350e+02
2.521213963863875449e+02
2.533263788639186203e+02
2.543703897082660319e+02
2.552269487373474988e+02
2.561044131733358995e+02
2.570411095955610108e+02
2.583131635869183356e+02
2.594556040554523406e+02
2.603806282921539719e+02
2.614270781006405286e+02
2.625472194684741112e+02
2.635950629707543840e+02
2.647152043385875118e+02
2.657045127015285289e+02
2.667126359306853942e+02
2.676803420398222784e+02
2.687145970276129106e+02
2.696094826360238699e+02
2.706709146527934422e+02
2.715084846039349031e+02
2.725554570475941318e+02
2.735139299353473348e+02
2.743929622768538934e+02
2.752794857225020451e+02
2.761912698681630900e+02
2.774253457036392092e+02
2.787017549881020955e+02
2.798901873518313437e+02
2.809756605865438814e+02
2.822288997116847895e+02
2.834643692409545679e+02
2.846620348260680657e+02
2.859025564953408320e+02
2.871057968556291371e+02
2.882046843931069020e+02
2.892864991816107363e+02
2.905801554267719098e+02
2.918142312622480290e+02
2.928594615886646579e+02
2.940121805489278586e+02
2.950203037780846671e+02
2.961500267907503030e+02
2.974311397917670092e+02
2.985361247395927080e+02
2.996815268074385585e+02
3.008025392338930715e+02
3.019016009830950225e+02
3.031712160103134579e+02
3.043110433029841033e+02
3.055553976301895887e+02
3.067865118663538055e+02
3.077247761940971031e+02
3.086426577501055704e+02
3.098265606090052984e+02
3.111057572810554461e+02
3.123697975330983923e+02
3.133167724470526423e+02
3.142188007361571636e+02
3.151586329694183064e+02
3.160827861474991778e+02
3.170159983352394875e+02
3.179502557933254252e+02
3.188641304796769873e+02
3.197800957067194076e+02
3.207768951738015630e+02
3.217193405829258950e+02
3.229032434418253388e+02
3.241317445021261392e+02
3.252428268602997719e+02
3.262619254280831456e+02
3.274778832442400471e+02
3.284680626658017673e+02
3.294589389342604022e+02
3.305083503420586908e+02
3.315786671567637427e+02
3.325646654969444285e+02
3.335165183391767982e+02
3.345300421317846258e+02
3.356655141313496529e+02
3.368565596709423176e+02
3.379826242373992500e+02
3.389982385706979926e+02
3.401626297164843322e+02
3.413573337022858141e+02
3.425156274377243903e+02
3.437293205014664181e+02
3.449266376631312028e+02
3.460333647281989897e+02
3.469549047304163878e+02
3.480084972195962223e+02
3.491847347626299438e+02
3.504989479912497359e+02
3.518023600929672057e+02
3.530754593546694764e+02
3.543774777625940828e+02
3.556866388512113417e+02
3.569811661549936161e+02
3.582572270160082439e+02
3.595580259418629225e+02
3.608628317373741652e+02
3.621810518356507487e+02
3.635020593215156168e+02
3.648160983384108818e+02
3.661247367918555256e+02
3.674492285122033763e+02
3.687650096463409000e+02
3.700691185949557962e+02
3.713014523131894862e+02
3.722724684450869290e+02
3.733420884128944977e+02
3.742824432813288240e+02
3.753015418491122546e+02
3.763197693582742431e+02
3.773148267081144240e+02
3.785853127939535625e+02
3.798293186977106188e+02
3.810851709987152276e+02
3.823810919962916159e+02
3.835942624248608013e+02
3.848130076286051917e+02
3.860652014834005286e+02
3.870734989242819779e+02
3.879882446692548115e+02
3.891165739881266745e+02
3.903614509505048318e+02
3.914484920907352148e+02
3.923797879495090797e+02
3.933481909055429924e+02
3.943110190864020410e+02
3.953574688948881999e+02
3.965992100462303256e+02
3.977080276519889139e+02
3.986574415300821670e+02
3.996122559716257001e+02
4.005630635435122713e+02
4.015168327147107448e+02
4.024840161886752412e+02
4.037245378579482917e+02
4.049889265334397805e+02
4.062033164440789506e+02
4.074724088361242025e+02
4.087592708240406978e+02
4.099597237967419119e+02
4.110230721424779290e+02
4.120902531461473473e+02
4.131340897787704307e+02
4.143202573900844072e+02
4.154511998848201415e+02
4.166678545478743558e+02
4.178292840943491910e+02
4.190549977670621047e+02
4.203427308135991893e+02
4.215630439228620503e+02
4.228610554611288421e+02
4.241280573124838611e+02
4.254072539845338952e+02
4.266091006510280863e+02
4.278048499071751962e+02
4.290971124585423127e+02
4.301634224035902321e+02
4.314474970039190111e+02
4.327604907504692164e+02
4.340032771721566291e+02
4.352631363428179725e+02
4.364252627361892678e+02
4.376015002792230462e+02
4.388962017947300751e+02
4.401182570212343990e+02
4.413826456967256604e+02
4.426294389880698645e+02
4.438852912890741322e+02
4.451535126224988517e+02
4.463004825958627180e+02
4.475624323072145216e+02
4.488236851716695242e+02
4.499272764257014501e+02
4.510737237638928718e+02
4.523159875504077263e+02
4.534568601134230335e+02
4.544426842418791921e+02
4.554905277441594080e+02
4.566320971540721416e+02
4.576268060804641209e+02
4.586384135441057310e+02
4.596770238250020952e+02
4.607288741969383636e+02
4.618922200723793026e+02
4.630740323905876039e+02
4.640426095583455890e+02
4.650239041819720001e+02
4.660689602966649545e+02
4.670798709134089677e+02
4.680249294983966024e+02
4.689804407868377893e+02
4.699232346194104366e+02
4.709182919692510154e+02
4.719785045039512852e+02
4.732209425021905531e+02
4.745083271252790951e+02
4.757235880945391386e+02
4.769114978230954307e+02
4.779987131750497724e+02
4.790341876449103893e+02
4.801029365540978233e+02
4.811101887246337583e+02
4.822559392159282652e+02
4.835475049203986941e+02
4.847125929130827444e+02
4.857715859657127453e+02
4.870748238557061427e+02
4.882359049787327194e+02
4.892837484810127648e+02
4.905831537130735569e+02
4.918559045513276260e+02
4.930798761067989631e+02
4.943449616291867414e+02
4.956313009819307354e+02
4.968902890939708641e+02
4.981853390329260378e+02
4.993873599111444719e+02
5.004705683934421359e+02
5.017325181047941101e+02
5.029584059892320624e+02
5.042240141467931380e+02
5.054565220767519804e+02
5.067151617653437370e+02
5.079865189098039195e+02
5.092657155818542378e+02
5.103654741779528194e+02
5.114553027057708050e+02
5.124308483424978249e+02
5.136483740641726854e+02
5.146186933491730997e+02
5.156313460831595421e+02
5.167368536661580265e+02
5.179810337816392121e+02
5.190494342673780466e+02
5.200089524254765365e+02
5.210221277946353666e+02
5.222454025032094478e+02
5.234421970297021289e+02
5.244389964967849664e+02
5.254134968631659603e+02
5.264723157040722299e+02
5.274888010959919029e+02
5.287277548597463692e+02
5.299921435352373464e+02
5.309659470547219371e+02
5.322150050984821519e+02
5.332767855387003237e+02
5.344160901961987520e+02
5.355414579157592243e+02
5.366441781111699356e+02
5.379430607080581694e+02
5.391840918759444321e+02
