7.199588197451843108e-04
5.232227445006508524e-04
3.918076832417749359e-04
2.957905066062381733e-04
2.218986763509170270e-04
1.640503170770096439e-04
1.189666723783870163e-04
8.443244299615223342e-05
5.754272189365701993e-05
3.848904842903467128e-05
2.493827826646999687e-05
1.626314040489474527e-05
1.107534194677897722e-05
8.488013648867720292e-06
7.050865025120983607e-06
6.046002659529491114e-06
5.310678873300860756e-06
4.945124977662100841e-06
4.678296300616555582e-06
4.490720730013536084e-06
4.307929151396821648e-06
4.283679500163134231e-06
4.246920840121230053e-06
4.184822904584170050e-06
4.039160706760886929e-06
3.954415693910405262e-06
3.927862132699923203e-06
3.927774771733063785e-06
3.919817687158009375e-06
3.816097915478102598e-06
3.704928002666783517e-06
3.685179823715052576e-06
3.682664547068671237e-06
3.678532786013450188e-06
3.670508917686505274e-06
3.664210001165146189e-06
3.635846757152236045e-06
3.593915732862369233e-06
3.581124418082593932e-06
3.586575590373071283e-06
3.544750074869172143e-06
3.531288302139212505e-06
3.526947789944186872e-06
3.520777791022147198e-06
3.515643662825731812e-06
3.510503134845995578e-06
3.515900808438861372e-06
3.497002613595875597e-06
3.496836844433848109e-06
3.497488428007250524e-06
3.489329815360237225e-06
3.457951247647634656e-06
3.434936952978859365e-06
3.375089817487105672e-06
3.339717987277754916e-06
3.333986834064813335e-06
3.317254885235668833e-06
3.278559155577154277e-06
3.210288321485705930e-06
3.213268972973920074e-06
3.124831525637814998e-06
3.071984367512337747e-06
3.029687905564332356e-06
2.988072470354892519e-06
2.978913051030534255e-06
2.981271038810913683e-06
2.976292917109421223e-06
2.970512154409943214e-06
2.971813915431980709e-06
2.974445620847043697e-06
2.969748160123058134e-06
2.961501900363064208e-06
2.958632302703156358e-06
2.934826886720042124e-06
2.922786126141185210e-06
2.912544367563910244e-06
2.888600899590702722e-06
2.888863256289183084e-06
2.888735416244213693e-06
2.890631649941341004e-06
2.876674060968226687e-06
2.879485607376192012e-06
2.874306935899126334e-06
2.879018144473107340e-06
2.867652230412479868e-06
2.858114216766907133e-06
2.844070055129374029e-06
2.824590135753456906e-06
2.810045196153206062e-06
2.797964732473723619e-06
2.794392796628711477e-06
2.792445229804180490e-06
2.768728953188955426e-06
2.750632901690794963e-06
2.749691308424542158e-06
2.748721738126583056e-06
2.766961951935539928e-06
2.747602785595656866e-06
2.710829718744152290e-06
2.706114755170120711e-06
2.693641713943702215e-06
2.661545695778056627e-06
2.649962174334987811e-06
2.639204012653578897e-06
2.634451682475365262e-06
2.632344332025347107e-06
2.634092881557272525e-06
2.621951003111117893e-06
2.609125198887003442e-06
2.608692475228954303e-06
2.602222589158717390e-06
2.593130278701229496e-06
2.582920415123009427e-06
2.575891606791049597e-06
2.577527794963213804e-06
2.555397907502779121e-06
2.552915425256385961e-06
2.550331534650832376e-06
2.542649375111358234e-06
2.544078331976037529e-06
2.529851505366691434e-06
2.517299083803690884e-06
2.498248632886859465e-06
2.491632496892825804e-06
2.466636784845988818e-06
2.466157463925065180e-06
2.453742669334143057e-06
2.452976259064161920e-06
2.446083224508746933e-06
2.417646246575255426e-06
2.407340629973050817e-06
2.377946076801219888e-06
2.355844588060943092e-06
2.319296686541801678e-06
2.292546607787164922e-06
2.278684119555369414e-06
2.270830522061204378e-06
2.250913622979853630e-06
2.237946946814045287e-06
2.245308137167123940e-06
2.234561296265704874e-06
2.215281114845738349e-06
2.191661377664603324e-06
2.187794198189119124e-06
2.190613070504720270e-06
2.179723010398633927e-06
2.192544121278950010e-06
2.187690332692360824e-06
2.184879703362972460e-06
2.174584792564530307e-06
2.145666771616943550e-06
2.143560548772307847e-06
2.138403709800144107e-06
2.140382594376952577e-06
2.074739431539182008e-06
2.069100024269527472e-06
2.045880587921765988e-06
2.038743888495215297e-06
2.010918536816586341e-06
2.012591902190757817e-06
1.970052197023052972e-06
1.975263290286537260e-06
1.979177197329640462e-06
1.974394543692041061e-06
1.987430513822053798e-06
1.978234389759543006e-06
1.980448360755945363e-06
1.970262063593961242e-06
1.959405673807091077e-06
1.965986874861322744e-06
1.955422902051965274e-06
1.949435619229700149e-06
1.937622932285809725e-06
1.936578216437666140e-06
1.927650084472586330e-06
1.918191521376375872e-06
1.920534370396306840e-06
1.899148866709380112e-06
1.905998978379888923e-06
1.890172071927901022e-06
1.872312177358481784e-06
1.873228268358269489e-06
1.864264028158948107e-06
1.846126991174508658e-06
1.828914149178139234e-06
1.829920024336542547e-06
1.834902543865135113e-06
1.839619710281999144e-06
1.810036027782510598e-06
1.814650112974374659e-06
1.814614777204345519e-06
1.811174101642659446e-06
1.790787385653167382e-06
1.767023510521126992e-06
1.762827516520718116e-06
1.756429995687897156e-06
1.740120103449201739e-06
1.733301955412368661e-06
1.721149278624297962e-06
1.698418140855911825e-06
1.676854847165150663e-06
1.691101345788573173e-06
1.663072280468143927e-06
1.649738609119705486e-06
1.638804488645044665e-06
1.642206170334068593e-06
1.626973317208683009e-06
1.616554281986000109e-06
1.584576149441565712e-06
1.598956165484332358e-06
1.587361558746551898e-06
1.562021630765064236e-06
1.556932043098082556e-06
1.560295692382042517e-06
1.569752776469930698e-06
1.567192288246591601e-06
1.564612551714874336e-06
1.564697591651238183e-06
1.558170635341558263e-06
1.548747983309463683e-06
1.558814281748118595e-06
1.552884217931080655e-06
1.555829676141137360e-06
1.562158575909449349e-06
1.572958646587324317e-06
1.564039144075575972e-06
1.564942239230564120e-06
1.552107125717499209e-06
1.560796036020832531e-06
1.547044712001920390e-06
1.539672840008101236e-06
1.547024223733530173e-06
1.542563168156174738e-06
1.527792313929542397e-06
1.499100659979718467e-06
1.511887045378894138e-06
1.499225778316963431e-06
1.495751707392293550e-06
1.500818991625073953e-06
1.504443161723898625e-06
1.490020739300447541e-06
1.467252500387050411e-06
1.476409166105129033e-06
1.469803611988752110e-06
1.462910549924978449e-06
1.473235032890945418e-06
1.457839259676526957e-06
1.455439482783340452e-06
1.437233067799472650e-06
1.437053375850083041e-06
1.435221798137942618e-06
1.434887538777279700e-06
1.439569408847884363e-06
1.429269779744779109e-06
1.408333749352081797e-06
1.415406610011635352e-06
1.400109197600040212e-06
1.392851884493883299e-06
1.399466899049797489e-06
1.411761507027057195e-06
1.392280495286894790e-06
1.385530303372316118e-06
1.387314989688172863e-06
1.377074341879451763e-06
1.374918826099780543e-06
1.386008412205313340e-06
1.367968809274610101e-06
1.367512763379171611e-06
1.374824775566087930e-06
1.351244042862581262e-06
1.348090569613539894e-06
1.337153670781638355e-06
1.340443796367393722e-06
1.334287506001571747e-06
1.335508455805386276e-06
1.324095003207997765e-06
1.318581941341939570e-06
1.329148542202517126e-06
1.305328593125859442e-06
1.292131917300176124e-06
1.291525488693525976e-06
1.322913845812467654e-06
1.277204685888547491e-06
1.263890023536006473e-06
1.279790997701172673e-06
1.281267371988004459e-06
1.267829338297146436e-06
1.259626596680004506e-06
1.246076959688215942e-06
1.239987513545008003e-06
1.236801300806567233e-06
1.233367342629404592e-06
1.214110561650339649e-06
1.229331079909562620e-06
1.198699083899091396e-06
1.198568796093706982e-06
1.182275703743961901e-06
1.194963783866882965e-06
1.238484784952018604e-06
1.223566039461229737e-06
1.231357494587227770e-06
1.231192443110780233e-06
1.203996913999092256e-06
1.197520531491147832e-06
1.199652758456707325e-06
1.204576078501194389e-06
1.199577832279439527e-06
1.203162560353527098e-06
1.203112610981770024e-06
1.214021975360927229e-06
1.184602458486488796e-06
1.204690604704185384e-06
1.187245325759560095e-06
1.183218391571525810e-06
1.198687805182204808e-06
1.199542645017749489e-06
1.194742448806416661e-06
1.189558533624334265e-06
1.171095615616229995e-06
1.175767933339772092e-06
1.176027337105259942e-06
1.174706996869018452e-06
1.172684414173898631e-06
1.177422806748536653e-06
1.190222965234975021e-06
1.179884042813308806e-06
1.189143975721103010e-06
1.151073745599295321e-06
1.154229844392297959e-06
1.161789742665974248e-06
1.153805330657557110e-06
1.164669144521628225e-06
1.154104637254554448e-06
1.158254095085350233e-06
1.140672980602984087e-06
1.135653249179217893e-06
1.135869714667241139e-06
1.122598279506389606e-06
1.119156540802343614e-06
1.119700187891133497e-06
1.121053627950582061e-06
1.111137468051254608e-06
1.121884134509883816e-06
1.107368340008377483e-06
1.142306638106555683e-06
1.137642167471205369e-06
1.128550419777452276e-06
1.121182378882113434e-06
1.114732723561454844e-06
1.106186509337408133e-06
1.091389401459254943e-06
1.102323156762556816e-06
1.081795164638042383e-06
1.081245322198928436e-06
1.098508109025758937e-06
1.120391685559089722e-06
1.110761127096155326e-06
1.135071502675592322e-06
1.136736980189072739e-06
1.139672489944331321e-06
1.144092241815961766e-06
1.135385418989755464e-06
1.121218392835605594e-06
1.155154207112189281e-06
1.137574804910534158e-06
1.143414492620393171e-06
1.150473446313224801e-06
1.145820827093053089e-06
1.123257249505340850e-06
1.133826683093728186e-06
1.141640998585446798e-06
1.141593486667395986e-06
1.137197616788356143e-06
1.130296738634822212e-06
1.144140440923117399e-06
1.158768610560834788e-06
1.145358872855674554e-06
1.123733081160704567e-06
1.136095409470553257e-06
1.166147797581232313e-06
1.186298585975542487e-06
1.229442737660530644e-06
1.224951727954907290e-06
1.212538045266475592e-06
1.211106753041756789e-06
1.202570662907361619e-06
1.194171936961492708e-06
1.179627813846882059e-06
1.164941029082535024e-06
1.198691552934278096e-06
1.191335723623168514e-06
1.220558694765104843e-06
1.214705190123367144e-06
1.182791373956399164e-06
1.179520122356645587e-06
1.173660387318513257e-06
1.196050966899629752e-06
1.170985590328488399e-06
1.177095090315994219e-06
1.175300407625707569e-06
1.179439527878724271e-06
1.167080964546207497e-06
1.184849017029076424e-06
1.166158377413930863e-06
1.168089320465523267e-06
1.178409426554044156e-06
1.180343401236891553e-06
1.195080467214677302e-06
1.185570209756600492e-06
1.181097352653380818e-06
1.184684057689421865e-06
1.178963317331696705e-06
1.166607621044323528e-06
1.168162304050347155e-06
1.156369395808492419e-06
1.243414677990214351e-06
1.217720804141953278e-06
1.217166846652543787e-06
1.212511871138009626e-06
1.243283008373994910e-06
1.221488950092364937e-06
1.227963151634815606e-06
1.234401394170177565e-06
1.240823382161489534e-06
1.233860170212022399e-06
1.229786306005261924e-06
1.236030255634208358e-06
1.318573746163826142e-06
1.293762226022196486e-06
1.328355642987746175e-06
1.370165076395401093e-06
1.348026555978152514e-06
1.325611884462568903e-06
1.326823861140812870e-06
1.324633389106522740e-06
1.300666893504027979e-06
1.303777346420345923e-06
1.282797144386130810e-06
1.268111814694213017e-06
1.279318719847822602e-06
1.304373237969333244e-06
1.315223792289783985e-06
1.322909811114333971e-06
1.356934890249265510e-06
1.376786118264570459e-06
1.329811078770970143e-06
1.359851637626618986e-06
1.345236021249699979e-06
1.365868115895826048e-06
1.368728609903638079e-06
1.402162197705435805e-06
1.377383392066441515e-06
1.410782257112493194e-06
1.391610947716269006e-06
1.493947742384347098e-06
1.482829876742348116e-06
1.475408691707110480e-06
1.524323056418794849e-06
1.498064311140155924e-06
1.482432450803385089e-06
1.489720601603987627e-06
1.501504002912253694e-06
1.539757864174383225e-06
1.526456359435279537e-06
1.527905800501705118e-06
1.538639538146495020e-06
1.525369132774391065e-06
1.534969784256335672e-06
1.517191886543285934e-06
1.521868662482941789e-06
1.587825450382902789e-06
1.560905676763041164e-06
1.559291215023209810e-06
1.576798600048337723e-06
1.638681267074970883e-06
1.659608005498504604e-06
1.622844298362740078e-06
1.752579059603704219e-06
1.772337088435580789e-06
1.807536484177720485e-06
1.891868586452933311e-06
1.875178769711494780e-06
1.901032163899726637e-06
1.906836271400136743e-06
1.932889335323587883e-06
1.876763721764362085e-06
2.029881085102172642e-06
2.016072684023682269e-06
2.040471583847461683e-06
2.074176662702093139e-06
2.202709086587132563e-06
2.217643245963772950e-06
2.202514320329998048e-06
2.262365001148558699e-06
2.326180636335607496e-06
2.298082423940987056e-06
2.324746337745964349e-06
2.330322211309475079e-06
2.328132949236468497e-06
2.419003903386442178e-06
2.352167965415464845e-06
