7.110002289299710522e-04
4.438998165014509099e-04
3.399061640615872403e-04
2.727330799304546085e-04
2.231483603907671680e-04
1.894385898585411866e-04
1.637587239950079744e-04
1.420579516069175993e-04
1.258625281882402110e-04
1.129095635978574156e-04
1.025210704529349118e-04
9.346731956881976211e-05
8.605705766564498407e-05
8.020009126860833722e-05
7.557287671718259021e-05
7.076080437731592835e-05
6.651808014874140596e-05
6.312068164033862066e-05
6.047215110399673280e-05
5.796073079245167315e-05
5.558120821601366014e-05
5.326223319707728898e-05
5.141093496907356172e-05
4.965663509647913704e-05
4.816387084484699852e-05
4.609364062917870719e-05
4.492180729960167231e-05
4.374003559736741825e-05
4.281535724644416733e-05
4.183585104525339556e-05
4.106950605549053798e-05
4.029487179004816882e-05
3.948781398312237715e-05
3.881084589652560507e-05
3.828124283761031921e-05
3.768151531039334921e-05
3.727395072841510973e-05
3.689418720597034652e-05
3.623643488413693129e-05
3.561847207056418842e-05
3.484911789833669403e-05
3.452860498114316320e-05
3.393638954919854381e-05
3.366184361677893402e-05
3.339683786985891956e-05
3.305911198219438775e-05
3.286932754947696891e-05
3.259146061574231889e-05
3.242112732246929280e-05
3.217278272608423395e-05
3.201171054221087984e-05
3.191571230450829325e-05
3.182193562358248120e-05
3.175042246040753028e-05
3.058313910743902986e-05
3.045650380885077255e-05
3.037348471033617429e-05
3.029262381871968671e-05
3.025228982517244814e-05
3.021038667451240685e-05
3.013854453085956640e-05
3.011188374526874097e-05
3.009676040748911286e-05
3.004795154867008451e-05
2.997110064838326535e-05
2.993793510895365067e-05
2.991180970803075293e-05
2.984197704542927414e-05
2.983175480249831852e-05
2.974934168248610303e-05
2.971408653950736873e-05
2.967508156548579352e-05
2.965128209018967547e-05
2.961514667615588447e-05
2.957680475966213782e-05
2.954908801082374128e-05
2.952578869903984364e-05
2.936241244462691800e-05
2.927999445962820659e-05
2.926788629934009826e-05
2.924485099148966459e-05
2.916808316904201593e-05
2.903830325043019450e-05
2.900839860552208811e-05
2.900157979692391755e-05
2.898400333342261432e-05
2.897772536497562830e-05
2.896021946068068754e-05
2.894579414946521143e-05
2.892565111376233801e-05
2.887755136769097703e-05
2.881607299693348621e-05
2.881060160898683386e-05
2.880660282946356126e-05
2.878469551985303273e-05
2.877749090777418083e-05
2.877399733588871067e-05
2.872910870244784279e-05
2.872033400896872345e-05
2.857683544056408535e-05
2.856356521947321585e-05
2.855521091404760007e-05
2.855151931199549707e-05
2.854808686845444811e-05
2.854435619872439567e-05
2.854526681591753373e-05
2.854405507972551952e-05
2.853797135317094727e-05
2.851940363411936929e-05
2.851662445979279040e-05
2.845205074292720559e-05
2.844746242532015677e-05
2.844423798626878120e-05
2.844143817095684854e-05
2.844087231012835812e-05
2.843819578743722143e-05
2.843805004202479554e-05
2.842171008436987544e-05
2.841596308751363057e-05
2.822875917304619618e-05
2.779072961182854444e-05
2.775220946365742562e-05
2.774589723417238528e-05
2.773984797216770648e-05
2.773301717453946692e-05
2.772302278026727150e-05
2.771794257309654857e-05
2.770930225731870717e-05
2.770789807761522204e-05
2.769839188685606338e-05
2.769448544665637310e-05
2.768669870323351727e-05
2.767945755029488375e-05
2.767458457794715857e-05
2.766398603446841993e-05
2.765430048611433668e-05
2.762503826654934014e-05
2.759324440718519632e-05
2.757560329862580466e-05
2.757207566154541844e-05
2.756784771714047101e-05
2.755361390693469257e-05
2.753891051935208748e-05
2.753284146624402460e-05
2.753242964539068621e-05
2.753094964017235150e-05
2.751832168743218503e-05
2.751428736853660137e-05
2.751733626984907442e-05
2.750567947872511803e-05
2.751062007997286156e-05
2.749370184804129265e-05
2.739544189129548821e-05
2.733485611488080632e-05
2.731511620285738000e-05
2.727933403446479606e-05
2.727597636930681436e-05
2.726562726212345198e-05
2.725908491681490367e-05
2.724909450566177625e-05
2.724582845306636235e-05
2.723569865838389902e-05
2.722740932339128139e-05
2.717483993458745596e-05
2.715638680983192913e-05
2.713530361910526390e-05
2.711790620948349910e-05
2.711436002874363925e-05
2.711116808769808951e-05
2.708671709483693860e-05
2.708533697092770581e-05
2.707725067464091122e-05
2.706187008115990228e-05
2.706495517620514978e-05
2.705696068460866304e-05
2.705501769263873353e-05
2.702031458781904016e-05
2.700930139867344974e-05
2.699864026733387308e-05
2.696234471167760206e-05
2.690367938576735985e-05
2.689915216630714030e-05
2.690404682284831456e-05
2.687357089443587316e-05
2.686332726651027844e-05
2.685557996108150198e-05
2.684628060096726999e-05
2.684887205370319646e-05
2.683497260443586016e-05
2.683103391401260411e-05
2.681040032169519191e-05
2.679036455186803515e-05
2.666010202560519060e-05
2.657745543380491643e-05
2.654962875829644482e-05
2.652297524732413208e-05
2.646547617628146830e-05
2.643893146833064910e-05
2.643967725653354432e-05
2.642657524599240185e-05
2.643672392886368906e-05
2.642381196679298013e-05
2.641775930529069558e-05
2.640850617851993152e-05
2.639678467535197336e-05
2.639885005021871541e-05
2.638906180795840375e-05
2.639294718376812243e-05
2.639145108330625850e-05
2.638972766103123371e-05
2.638160511534930452e-05
2.637965093384533785e-05
2.638318447872411057e-05
2.636809415106816971e-05
2.635187903982291532e-05
2.635871663990681785e-05
2.634262021740600064e-05
2.633316932409343603e-05
2.632410167030521520e-05
2.630601765072395956e-05
2.629896654913010151e-05
2.626993307278720230e-05
2.626350443649246049e-05
2.625590127660757379e-05
2.625151542249538422e-05
2.625286622165283625e-05
2.623460324580282815e-05
2.622766876052511534e-05
2.623223582383754808e-05
2.620965629623339213e-05
2.619375014575518973e-05
2.619081967021904655e-05
2.598888340907100906e-05
2.599765803054897024e-05
2.600825318169207502e-05
2.600693518140980090e-05
2.599302171974737582e-05
2.600421557022254132e-05
2.599201053211057846e-05
2.597746627482551508e-05
2.596434140564566771e-05
2.598418912682753162e-05
2.598720666936764145e-05
2.598862054710571456e-05
2.597053997708620451e-05
2.596824680129814085e-05
2.596108645621966309e-05
2.595787441098225946e-05
2.595473268033829462e-05
2.597735934368412404e-05
2.593373133466105070e-05
2.587875830032995006e-05
2.545379666388224792e-05
2.545791001779000565e-05
2.545329834904880322e-05
2.545495567361551073e-05
2.543258046857128403e-05
2.539801758907305398e-05
2.542352130644802852e-05
2.542250595774856581e-05
2.541520120227117602e-05
2.543709632451074621e-05
2.539830039679355356e-05
2.539077885146820562e-05
2.537251328449491127e-05
2.533233100646866475e-05
2.525736663244613212e-05
2.526224499170542977e-05
2.519363627958907633e-05
2.516070158690079833e-05
2.516003951590363081e-05
2.516554248169911910e-05
2.518009912587165769e-05
2.517872723230487141e-05
2.515358171394725990e-05
2.516229297841459064e-05
2.516778222586788863e-05
2.515147596665049583e-05
2.513224035009375951e-05
2.513663183557928371e-05
2.513928145050730694e-05
2.509816234002828060e-05
2.509035840183089668e-05
2.509098062008743624e-05
2.509839908529837676e-05
2.509934154556393062e-05
2.505488649251405090e-05
2.505613196891957585e-05
2.502493922318785029e-05
2.502225727570623769e-05
2.497831990824040489e-05
2.498952291093642169e-05
2.499364277733279706e-05
2.498625811502212086e-05
2.499692653767043878e-05
2.493081992155373760e-05
2.488095668215745292e-05
2.484175825176039945e-05
2.481176190748209237e-05
2.482030871812792130e-05
2.480402403980700861e-05
2.481251818098516318e-05
2.484338323465918897e-05
2.465496091966028723e-05
2.460046552571454976e-05
2.462310856741352068e-05
2.463278580063024760e-05
2.462292956740547083e-05
2.458724676604532162e-05
2.456468363137856450e-05
2.436992335990118371e-05
2.438655380732136880e-05
2.439710211809657532e-05
2.435384345064025563e-05
2.435482341821345334e-05
2.436031227684022068e-05
2.432947587416109476e-05
2.432500061914476879e-05
2.430634833189678829e-05
2.429391076664222114e-05
2.428149613389037626e-05
2.429777615473447181e-05
2.427938870378101795e-05
2.429814965972612001e-05
2.434497183661457636e-05
2.433908591658373507e-05
2.445077724213421067e-05
2.445154797034575860e-05
2.447826322070416634e-05
2.443208500799497293e-05
2.450236846942221045e-05
2.454567141244505689e-05
2.454623226770668041e-05
2.453461804317029769e-05
2.452803559536861867e-05
2.452944485577354089e-05
2.450750201791341957e-05
2.452019836151635612e-05
2.444943456166467731e-05
2.443565953071935378e-05
2.446923194496492904e-05
2.445457913871246393e-05
2.450570024494990880e-05
2.451527796399676840e-05
2.446551640406035576e-05
2.446659047009015653e-05
2.449855342894809710e-05
2.443121988923165378e-05
2.443871423070998435e-05
2.445420389205387864e-05
2.446466638543424169e-05
2.442044935494726415e-05
2.440568378711042061e-05
2.445397446659060845e-05
2.450063831138809298e-05
2.447770802182858759e-05
2.448291484834466989e-05
2.455272338993995799e-05
2.456629027257567496e-05
2.447857855185085513e-05
2.439712116952962406e-05
2.430582837452558912e-05
2.447791577103110603e-05
2.449046733145233566e-05
2.455221906360099059e-05
2.450827474862360845e-05
2.451954731571594554e-05
2.447273532390134622e-05
2.434193417005412700e-05
2.425112210201430947e-05
2.422204648802220878e-05
2.421812654540778654e-05
2.417455374471464221e-05
2.416979353001575339e-05
2.416959887202622069e-05
2.410344115458906177e-05
2.424360202143913733e-05
2.434461345003577370e-05
2.430708967717122294e-05
2.437068693048316718e-05
2.437869047116473001e-05
2.440867572186782432e-05
2.438474435998061105e-05
2.437660433071715054e-05
2.450233566001790478e-05
2.427800372004575613e-05
2.415910102276035455e-05
2.409709980378473652e-05
2.411698979850047971e-05
2.457665982442429876e-05
2.424740344981287152e-05
2.433610729070652352e-05
2.435599455916002029e-05
2.420565747142246844e-05
2.425065081739815584e-05
2.438722440292756741e-05
2.442846346656110958e-05
2.435500021438990356e-05
2.424320006393303575e-05
2.425735167733498711e-05
2.444095073013032032e-05
2.424275411543974043e-05
2.457509897724648106e-05
2.465575915719752414e-05
2.472411418398929260e-05
2.459777247637704220e-05
2.479151536831717868e-05
2.475911221117570616e-05
2.495310735845063065e-05
2.499267889567290140e-05
2.533639703384040824e-05
2.521840211403587404e-05
2.516595855985612101e-05
2.523664075324464243e-05
2.512585220405953214e-05
2.521752038926991014e-05
2.488602229650660938e-05
2.482024721227209634e-05
2.495889426645821451e-05
2.513878327531256297e-05
2.519077146261535196e-05
2.512259595823257638e-05
2.522112674537493209e-05
2.523593750610410497e-05
2.526299265922826007e-05
2.539700498767000019e-05
2.549202644057941059e-05
2.547627331364880733e-05
2.535940255450576717e-05
2.539444633018596994e-05
2.460844485181747733e-05
2.550052447187714199e-05
2.523543203030982366e-05
2.562719211950018983e-05
2.637952048832791293e-05
2.730345061836572743e-05
2.769616740040208692e-05
2.805180284317386529e-05
2.805566448316220741e-05
2.844556236958192878e-05
2.822587913697341953e-05
2.872149524163542569e-05
2.911963918555975664e-05
2.893037623999633766e-05
2.965235477897708397e-05
2.975622915458648170e-05
3.069034217657515951e-05
3.159914866303395036e-05
3.231297094117889588e-05
3.276562567324203926e-05
3.354346785765600556e-05
3.504642716135515938e-05
3.732682612922947311e-05
3.893218205420494220e-05
3.947838769186360854e-05
4.011337483671894899e-05
4.030241849098056568e-05
3.957020709319337211e-05
4.098093706916165009e-05
4.308105287518311684e-05
4.358410303115483052e-05
4.541429210378070743e-05
4.744120305970584534e-05
5.011948082963250402e-05
5.431194125654884068e-05
5.843901024243495942e-05
6.565686519612932265e-05
6.844409558656856481e-05
7.926525416393335631e-05
8.193184077325444282e-05
8.468269839606182108e-05
8.996029954440547380e-05
9.619332174243532549e-05
1.016068817684271438e-04
1.112782045547730368e-04
1.188948975425048948e-04
1.203909653116137015e-04
1.343449627069388526e-04
1.530514712668707919e-04
1.633516287052430875e-04
1.793648672637741142e-04
1.922971063106967830e-04
2.254639684134663810e-04
2.467964363350493907e-04
2.737484594107086216e-04
3.026725276244453602e-04
3.679660562327241049e-04
3.749361192844650938e-04
4.159221208392584602e-04
4.346868707006755050e-04
5.200322114140697605e-04
5.506267832763590527e-04
6.432492662731762855e-04
7.322854265813271736e-04
8.726442583175015059e-04
1.054285059094605586e-03
1.226526910768724896e-03
1.400792908662975471e-03
1.555760159117421711e-03
1.680186747609953074e-03
1.883718859257672330e-03
