1.307000 2.870732e+01
1.407000 2.661588e+01
1.507000 2.570203e+01
1.607000 2.286823e+01
1.707000 2.130056e+01
1.807000 1.977645e+01
1.907000 1.863905e+01
2.007000 1.784508e+01
2.107000 1.737042e+01
2.207000 1.718357e+01
2.307000 1.728177e+01
2.407000 1.762952e+01
2.507000 1.822411e+01
2.607000 1.905398e+01
2.707000 2.009139e+01
2.807000 2.131696e+01
2.907000 2.273700e+01
3.007000 2.436134e+01
3.107000 2.614932e+01
3.207000 2.802219e+01
3.307000 3.057806e+01
3.407000 3.259316e+01
3.507000 3.505169e+01
3.607000 3.793816e+01
3.707000 4.058525e+01
3.807000 4.375681e+01
3.907000 4.662749e+01
4.007000 5.003099e+01
4.107000 5.349093e+01
4.207000 5.687544e+01
4.307000 6.047963e+01
