2.038808973625005211e-02
9.817165238354171874e-01
2.032339069013345156e+00
3.092030547347712766e+00
4.244155382853455727e+00
5.327391206882416519e+00
6.434345779166672941e+00
7.509035877721301766e+00
8.590876481264656306e+00
9.698005456109616063e+00
1.080182078230126308e+01
1.189970642142908375e+01
1.299340639910008832e+01
1.408309511787497925e+01
1.517191182384635972e+01
1.619567637467637411e+01
1.719066450299077786e+01
1.825925051192087878e+01
1.933237098742919713e+01
2.034898503327048402e+01
2.132112642613309106e+01
2.234053091294565974e+01
2.329749928302743811e+01
2.433975050529182482e+01
2.538269933779895737e+01
2.634053972068420180e+01
2.730274016758695765e+01
2.834237535144080766e+01
2.936648870739229622e+01
3.030898166493584966e+01
3.123525518433429227e+01
3.216519115750740099e+01
3.311902028149654598e+01
3.401599417069726172e+01
3.493686121071394268e+01
3.590202650114864014e+01
3.693660401074215116e+01
3.785014614320942883e+01
3.879490633404211053e+01
3.973269042244679383e+01
4.067919463888651421e+01
4.155070575422492141e+01
4.253732255962579956e+01
4.352463697526948749e+01
4.450828893713846668e+01
4.544415459737543728e+01
4.644768845116431066e+01
4.739802952393943514e+01
4.839214563945041903e+01
4.937823923716921826e+01
5.034514855321091886e+01
5.131763875119506935e+01
5.228646649540444713e+01
5.330813821550616893e+01
5.423319091697970151e+01
5.521841250189503114e+01
5.628891693899291937e+01
5.737197836046127719e+01
5.842469373636766505e+01
5.946607294582861414e+01
6.047605969436335727e+01
6.153889041879026678e+01
6.264253134242132148e+01
6.370257162587706290e+01
6.478214499613142152e+01
6.578166759102411731e+01
6.667044455987178253e+01
6.753236353437165462e+01
6.853363015487141752e+01
6.963169019655991576e+01
7.078276861670154574e+01
7.192111564991192552e+01
7.304080160912737085e+01
7.414234970203004593e+01
7.522000464411657106e+01
7.622754975680150835e+01
7.720440001880311343e+01
7.815212505316769409e+01
7.911397669494908769e+01
8.025563737681292764e+01
8.143810825788054331e+01
8.231868830637536405e+01
8.330983957835435660e+01
8.420908070084415442e+01
8.509977609785953234e+01
8.620725387782601956e+01
8.729083850697605840e+01
8.845848517038399450e+01
8.966188435873527851e+01
9.081767164801563297e+01
9.194485691734081456e+01
9.311285238587025503e+01
9.410225963224193890e+01
9.507091297389034423e+01
9.597957183465780417e+01
9.708356156340985876e+01
9.829515767211425725e+01
9.950745139106157922e+01
1.005931288509401895e+02
1.016877008414144825e+02
1.027641349655760052e+02
1.037444732787913466e+02
1.047441702762446738e+02
1.058151979210243923e+02
1.069572074080093387e+02
1.080723589006463925e+02
1.091876847958441203e+02
1.101568613451747325e+02
1.112427132076141731e+02
1.121082946358884840e+02
1.129014990014720894e+02
1.141366394558710766e+02
1.153841624920799092e+02
1.166259302437856178e+02
1.178744996953586508e+02
1.189629675962085571e+02
1.198972636333991488e+02
1.209093432126620797e+02
1.217171973933444349e+02
1.225970798315963890e+02
1.234384193039334292e+02
1.243779474179448954e+02
1.255262353971150731e+02
1.266834179068810471e+02
1.277396213340013702e+02
1.288181482888912512e+02
1.298593530957913060e+02
1.308799784005286142e+02
1.318414812371884182e+02
1.330044190314575303e+02
1.342170615555262430e+02
1.353423283966839676e+02
1.365063126063172376e+02
1.377622069654397308e+02
1.389117157625348398e+02
1.399893707046212512e+02
1.412613100993281989e+02
1.425337727017173108e+02
1.438334421035757771e+02
1.450017863772266082e+02
1.461612361202816430e+02
1.473752738648360321e+02
1.486116351371601070e+02
1.497902691618922404e+02
1.509744840685667953e+02
1.519023272110113396e+02
1.527004148482944572e+02
1.534733885168369341e+02
1.542892652153116728e+02
1.551658340049102662e+02
1.559633984345113902e+02
1.567859024302927935e+02
1.575827692496511929e+02
1.584059708556753208e+02
1.593170713522927429e+02
1.603903662303617068e+02
1.614235485194695059e+02
1.623587165694636383e+02
1.633667848898306545e+02
1.644814131747856152e+02
1.656335380102912040e+02
1.666070746236393632e+02
1.675575900989749982e+02
1.684951997848186807e+02
1.694645507367098958e+02
1.706972495552591909e+02
1.719023927692178120e+02
1.730848636502853140e+02
1.743046566793428838e+02
1.755558421693265245e+02
1.768488842738785252e+02
1.781496000911010924e+02
1.793472439949496220e+02
1.805557008575615612e+02
1.818295586804361790e+02
1.830613854861820187e+02
1.842551925336952081e+02
1.854223159894208379e+02
1.866857096586538489e+02
1.879763101273557027e+02
1.892574928577797095e+02
1.904664729280737845e+02
1.916881843852989675e+02
1.929472179905139058e+02
1.942512474563900469e+02
1.955545793120232645e+02
1.966810669711056505e+02
1.977606403413597889e+02
1.989952575880768109e+02
2.002806259799579607e+02
2.015598902822144680e+02
2.027332922301253575e+02
2.038357123358313459e+02
2.049737105639202639e+02
2.060621784647700849e+02
2.069254926597552640e+02
2.077673553397745536e+02
2.089175617471125292e+02
2.099237116393117901e+02
2.110324102372030666e+02
2.122991175550887988e+02
2.135710569497960591e+02
2.145690099216421913e+02
2.154677278364497113e+02
2.162727915761609268e+02
2.175693217319265784e+02
2.188853849744907620e+02
2.201956929325517365e+02
2.214971063600171703e+02
2.227885788415224795e+02
2.239419244949528149e+02
2.251404404116046862e+02
2.263623262713906854e+02
2.276381025224330870e+02
2.289084722940937695e+02
2.302016888012062736e+02
2.315097295259783436e+02
2.328292808197568888e+02
2.341388911675753661e+02
2.352446249219345020e+02
2.360238770826620680e+02
2.368202206943383885e+02
2.376985335095438927e+02
2.386338759620983012e+02
2.396553732796391500e+02
2.405528703765217244e+02
2.413924658232516833e+02
2.422892653098917037e+02
2.433337837654451334e+02
2.444412615454114075e+02
2.456563457053300397e+02
2.468981134570358904e+02
2.481519149854299542e+02
2.493711848068053598e+02
2.504383755952494823e+02
2.513745900606079147e+02
2.526236827198631829e+02
2.538333604003999255e+02
2.550883827467188496e+02
2.563775879949350269e+02
2.576176117210337679e+02
2.588742036903991561e+02
2.601431782415741054e+02
2.614283722308943538e+02
2.626764184747853506e+02
2.639593452308166661e+02
2.651934392698514102e+02
2.664873533872064968e+02
2.677069720137033642e+02
2.689614711523402661e+02
2.702002740605140616e+02
2.714418674096592099e+02
2.726696829565089502e+02
2.738683732757216944e+02
2.750698540359055073e+02
2.762716836012107819e+02
2.772931809187516023e+02
2.782918315008403738e+02
2.792852500061084697e+02
2.802272197559698839e+02
2.811916874361618284e+02
2.823249767951119225e+02
2.835984858128652490e+02
2.848608330667336759e+02
2.861350396947297554e+02
2.873489030367234704e+02
2.884192330712604644e+02
2.894304406377198688e+02
2.907063912913230297e+02
2.918142178764106234e+02
2.926550341410655278e+02
2.934876534853677299e+02
2.942864387328937710e+02
2.951223717258490638e+02
2.962823446765862059e+02
2.975014400954007101e+02
2.985627011967813473e+02
2.997535434007625099e+02
3.010704786561303763e+02
3.023766009527344636e+02
3.036450522962276750e+02
3.047954331061261541e+02
3.060556875292662085e+02
3.073459391928467426e+02
3.086653160840644432e+02
3.099440571786387295e+02
3.112262863244270648e+02
3.125350246594419446e+02
3.138209162590050028e+02
3.151409907604655700e+02
3.164417065776879667e+02
3.175915641799045375e+02
3.189076274224688632e+02
3.202235162624725717e+02
3.214499365888367493e+02
3.225469502151610186e+02
3.234897919778261439e+02
3.244519924247287577e+02
3.253135625941069975e+02
3.263212821093524099e+02
3.274474209633134478e+02
3.285576891842509326e+02
3.296344721135339455e+02
3.307245096374300601e+02
3.318401843377492355e+02
3.329038870749795365e+02
3.338789933113740176e+02
3.349862966887794755e+02
3.362988718801297523e+02
3.375753457414148784e+02
3.388397858260117914e+02
3.401343975536097446e+02
3.414359853836358525e+02
3.427319923317195389e+02
3.440410794718555962e+02
3.453416208865173189e+02
3.466521032471396211e+02
3.479671200743395048e+02
3.492800440708107885e+02
3.505727373702409864e+02
3.518113658758545057e+02
3.529408183784689186e+02
3.539011003972036633e+02
3.547230811853027035e+02
3.555724431754327952e+02
3.567134062470532854e+02
3.578451259829571995e+02
3.590288176819491355e+02
3.602079749143642289e+02
3.614914248780775097e+02
3.627722588033801117e+02
3.640337340444448841e+02
3.652517830478961969e+02
3.663986758065809681e+02
3.675944012822617992e+02
3.687189705131762025e+02
3.698873147868278011e+02
3.708688739179680738e+02
3.718282839238998463e+02
3.731009209288492343e+02
3.744028575639977134e+02
3.757098518734052277e+02
3.770152765597663915e+02
3.782164085148291974e+02
3.794628851356741848e+02
3.805619915927267130e+02
3.817226621537066080e+02
3.829822189666042505e+02
3.842168362133215282e+02
3.855077854871451564e+02
3.868208838861773415e+02
3.880337008128066714e+02
3.892976176897219034e+02
3.905859509251353074e+02
3.918746329656696616e+02
3.931498860090296716e+02
3.944581011363625862e+02
3.957689323021062933e+02
3.970745313910282448e+02
3.983445523575671814e+02
3.996471866029577313e+02
4.008392496248640100e+02
4.020785757407200549e+02
4.032908694596674763e+02
4.044874669481515070e+02
4.055516928930647964e+02
4.066762621239796545e+02
4.077584515326440737e+02
4.087794256425029289e+02
4.098126079316105006e+02
4.108239899006311475e+02
4.117853183347302775e+02
4.127689702965989795e+02
4.137691905017341583e+02
4.147783052374649060e+02
4.157425985150961196e+02
4.168429257900742186e+02
4.180888792032368428e+02
4.193034401554733677e+02
4.205928198062502474e+02
4.218872571312875266e+02
4.231379194135885200e+02
4.244334031539908096e+02
4.257039473282121662e+02
4.269439710543108504e+02
4.281121409254006380e+02
4.293976837198414387e+02
4.306474739893394599e+02
4.318545356314652963e+02
4.331324047132358714e+02
4.344341669458221418e+02
4.357038391072405261e+02
4.369553734023457991e+02
4.382553916093251587e+02
4.393250240336190586e+02
4.402263579868372290e+02
4.411210646427482516e+02
4.421214592504446159e+02
4.431026695764634837e+02
4.441114355070731108e+02
4.450609045670450996e+02
4.460473469698847566e+02
4.469312406670326823e+02
4.479522147768911395e+02
4.489152872365978055e+02
4.500745625770919673e+02
4.512613935221767179e+02
4.521187780300974737e+02
4.530185423602702031e+02
4.540548638954707030e+02
4.550100882399450484e+02
4.559490931462744356e+02
4.571640029036323654e+02
4.581464340475760650e+02
4.590179451629144864e+02
4.601189700481348268e+02
4.612777221809472508e+02
4.622294584742078314e+02
4.631335828683963314e+02
4.643941860966576769e+02
4.656830425397529893e+02
4.669657948932232330e+02
4.682018073604256188e+02
4.694749675730573131e+02
4.704622819887014771e+02
4.714302377201070158e+02
4.723455238781811545e+02
4.732320336137398158e+02
4.741799330506649426e+02
4.751311461362433306e+02
4.761880471736063782e+02
4.771505964256303969e+02
4.782795257205627877e+02
4.794377546456924506e+02
4.804011759105208625e+02
4.815524287332225413e+02
4.827390852757468451e+02
4.837375614552748289e+02
4.846875537229282145e+02
4.856234193831649009e+02
4.865493440974415762e+02
4.875673533637685750e+02
4.886347185547735421e+02
4.896311019035733807e+02
4.905671419663710253e+02
4.914613254146000259e+02
4.923774835854782168e+02
4.933068963509687705e+02
4.943334513427696493e+02
4.955642317331513595e+02
4.968051274720537549e+02
4.980538713261877319e+02
4.992619793836784083e+02
5.004200339062476246e+02
5.013443889974780632e+02
5.022511294300778104e+02
5.031866462851932056e+02
5.040571109851671281e+02
5.049610609767960909e+02
5.058205383154459582e+02
5.067114081150221523e+02
5.076788406387461805e+02
5.086480171880768353e+02
5.095519671797055139e+02
5.106339821858096002e+02
5.115415946312127744e+02
5.124392661306561649e+02
5.133294383199892081e+02
5.144137205593824547e+02
5.153839435240770399e+02
5.165807154151218583e+02
5.177907419007800627e+02
5.187607904629140876e+02
5.197046786409430297e+02
5.206199647990171115e+02
5.216018727352789028e+02
5.225028578833752135e+02
5.236351008269609792e+02
5.245770705768230755e+02
5.254777069197981518e+02
5.263854937677621137e+02
5.274568702176632087e+02
5.283798300884084256e+02
5.293378448738540101e+02
5.303092886564742230e+02
5.312898013722506221e+02
5.323447839814457438e+02
5.332712319034046686e+02
5.341842508281897608e+02
5.352024344970768652e+02
5.361653325542228004e+02
5.370924780864237391e+02
5.380963607453337545e+02
5.391461112777077460e+02
5.401041260631540126e+02
5.411707936439164541e+02
5.421439814521431799e+02
5.432000104767030280e+02
5.442082531996308035e+02
5.452274832838825205e+02
5.461515065798574824e+02
