7.122381012806289777e-04
4.432905477460053379e-04
3.398793499193919270e-04
2.750241996381321582e-04
2.270119649724276192e-04
1.880285191754144612e-04
1.585147242207305123e-04
1.356040809934303849e-04
1.154140403141982855e-04
9.939418404888060519e-05
8.676857832781840780e-05
7.700246848068196073e-05
6.939912451167933212e-05
6.342040494152151667e-05
5.838294355250402368e-05
5.430278691932431543e-05
5.134682831534562728e-05
4.886876080426838081e-05
4.679192510304000296e-05
4.532450206086686766e-05
4.367537120648764474e-05
4.275200046594532292e-05
4.194285075782489187e-05
4.007587985125095060e-05
3.919421488343989026e-05
3.866883910491185914e-05
3.789900366695242033e-05
3.720850579582900085e-05
3.621269048404641608e-05
3.575117640068730789e-05
3.552821303576196685e-05
3.534955184851537396e-05
3.522159569077379452e-05
3.513372346963838152e-05
3.501047189526183129e-05
3.486649599255853575e-05
3.429909134136369711e-05
3.425274296103920425e-05
3.419686569460241807e-05
3.415984195128945881e-05
3.412581795939822143e-05
3.410598488424502702e-05
3.403363225727952187e-05
3.401301397625429809e-05
3.392442612302620379e-05
3.390306588702512839e-05
3.389119712055471993e-05
3.387692832684836836e-05
3.386202864257970414e-05
3.385791380050949534e-05
3.384408311324149177e-05
3.381895971755434960e-05
3.381063980924626995e-05
3.379869279801171869e-05
3.378248449586571160e-05
3.376441274109630953e-05
3.376001837740517014e-05
3.375258287334548040e-05
3.374691918397936343e-05
3.373970719150299973e-05
3.373333340990171462e-05
3.372518044113161361e-05
3.371978717019108397e-05
3.371794109750204726e-05
3.370326444218274320e-05
3.367776654495017812e-05
3.365233000553350876e-05
3.363117388703974005e-05
3.362451064475832548e-05
3.361793066780448648e-05
3.360018437067971729e-05
3.359730820567756302e-05
3.358305583649512957e-05
3.356413500451680163e-05
3.355646791467991837e-05
3.346795073906644352e-05
3.343825718361059037e-05
3.341760343634282747e-05
3.340712193266815252e-05
3.339896477368089496e-05
3.339237647707685717e-05
3.337049530797515695e-05
3.335710510294943458e-05
3.327286818161752857e-05
3.324254235917980881e-05
3.321862535597762644e-05
3.320969209557772018e-05
3.320079958854521692e-05
3.308352484167458458e-05
3.307397057301866302e-05
3.306388107290654662e-05
3.305154906057077816e-05
3.303242185298803255e-05
3.302791395821079028e-05
3.300685950039684163e-05
3.300023045380172837e-05
3.299060205520926972e-05
3.298638504725718662e-05
3.297106582039723499e-05
3.295223246693033443e-05
3.285916293090407765e-05
3.285169215237630156e-05
3.284296364585643141e-05
3.268274865082154885e-05
3.267756304614491072e-05
3.250003402221654617e-05
3.249468240761022134e-05
3.247603172654679672e-05
3.238707229434570123e-05
3.237684088856271602e-05
3.237266258095757612e-05
3.235614102518920022e-05
3.235258073377434687e-05
3.234484358847897938e-05
3.234350694933466199e-05
3.233044994699080937e-05
3.231094505848644495e-05
3.221799210574066610e-05
3.221186861246209536e-05
3.220868243343298604e-05
3.220767868023940002e-05
3.220024344152951160e-05
3.213152948378938820e-05
3.213362817242574357e-05
3.211219399672509707e-05
3.211686147191245060e-05
3.209603167636962227e-05
3.208341141998145472e-05
3.208307416247403141e-05
3.206006126759433856e-05
3.204336990945334698e-05
3.199458524842413746e-05
3.196709259085064354e-05
3.196365933258427626e-05
3.195687249411054641e-05
3.194752232025088436e-05
3.193944099207440081e-05
3.193838305812968839e-05
3.193781398919445086e-05
3.192934013523746550e-05
3.192231874341360453e-05
3.191641973755248552e-05
3.191425148108680904e-05
3.190062061744078971e-05
3.187221436050204147e-05
3.185173751143504430e-05
3.185211431092281441e-05
3.184743129670531526e-05
3.183801653472616641e-05
3.183333594057291798e-05
3.184007659976883213e-05
3.182585058434795857e-05
3.183491985361766049e-05
3.183038552875754414e-05
3.181668321018546263e-05
3.180624029292025950e-05
3.179666909722749191e-05
3.178124454102059096e-05
3.176669472480700662e-05
3.177286145904478472e-05
3.176485685824778990e-05
3.173079754554961789e-05
3.172206253124390106e-05
3.171864911488368060e-05
3.171841359457394383e-05
3.169558076967757580e-05
3.169156310129842393e-05
3.168236896778124715e-05
3.163929799706667915e-05
3.162559186614690262e-05
3.160900105221070208e-05
3.160420443579385944e-05
3.159741122839788751e-05
3.159982915175874057e-05
3.159232708791482989e-05
3.157690920653086154e-05
3.157202310101830619e-05
3.156727303173166138e-05
3.153100598832086229e-05
3.150962868540547172e-05
3.151031086628409137e-05
3.151318464843766139e-05
3.149680281307843066e-05
3.149121540315833015e-05
3.147643884378147202e-05
3.147121187016874546e-05
3.146573851601740788e-05
3.146713912800621667e-05
3.146217930593430177e-05
3.145670784157938223e-05
3.143320688623907908e-05
3.142660975210305739e-05
3.140002441046335359e-05
3.139992080763929350e-05
3.139243918886019306e-05
3.139295372112847299e-05
3.136956975824218376e-05
3.133985719373024196e-05
3.134129110061132528e-05
3.132680887757482914e-05
3.131604260961149381e-05
3.130661711063521102e-05
3.128676446788360019e-05
3.127916624200082716e-05
3.124882938367605267e-05
3.123341607958659427e-05
3.120630986236239130e-05
3.120642314932612455e-05
3.119677664893735888e-05
3.120008797357821684e-05
3.118379622688760751e-05
3.114860654566211268e-05
3.112679513719971461e-05
3.111007534893800474e-05
3.093783092399304206e-05
3.093217316776810370e-05
3.092182487807303707e-05
3.091015232192875919e-05
3.090089396790083042e-05
3.089716372918151790e-05
3.089210406045315429e-05
3.088281691086954358e-05
3.087726666350344912e-05
3.087510581087681623e-05
3.085739330785302139e-05
3.084142090316744755e-05
3.082708053490126584e-05
3.080596585936750244e-05
3.080786857752360367e-05
3.077073832170012905e-05
3.076390975674306023e-05
3.076079569044219496e-05
3.076355553978268414e-05
3.074017751045793226e-05
3.073059602588132470e-05
3.072853177313870817e-05
3.073454258090181916e-05
3.071241674543094340e-05
3.071079864746732144e-05
3.070709601256991323e-05
3.071637139206493094e-05
3.070964628704957319e-05
3.071607350430122625e-05
3.071316827759226845e-05
3.070887925557595175e-05
3.070649776173421544e-05
3.070342440165258862e-05
3.071223182699073684e-05
3.069434603259201959e-05
3.068935047289757408e-05
3.068150444397416772e-05
3.068856669213093971e-05
3.067473159215489673e-05
3.068604423430678680e-05
3.067938689122064839e-05
3.066689007829867064e-05
3.066298306380170084e-05
3.065720058026385260e-05
3.064428038018509302e-05
3.063188536253912017e-05
3.058397419378801893e-05
3.056604151137401460e-05
3.056327498776018845e-05
3.053851815526043619e-05
3.053509886397939274e-05
3.049563446235999806e-05
3.047302829266145482e-05
3.045716447597880962e-05
3.044283477867395520e-05
3.043339310820458626e-05
3.039600388867128773e-05
3.040653018602300052e-05
3.040303826989102352e-05
3.038527040347884864e-05
3.038437921581927788e-05
3.037768635373341413e-05
3.035958949249690535e-05
3.035171832806474621e-05
3.035207133351294577e-05
3.035531331497322597e-05
3.034049591266504270e-05
3.033585354622452747e-05
3.033206669862791038e-05
3.032588719158925568e-05
3.033214156624673211e-05
3.033735230683687602e-05
3.034591132689325730e-05
3.032261462550661974e-05
3.032331216498604750e-05
3.031828038146420432e-05
3.026251188032113586e-05
3.026085146157941313e-05
3.025380569498482280e-05
3.026340374471112380e-05
3.024494654908688703e-05
3.023451323671019319e-05
3.025347385360031599e-05
3.023277288959360477e-05
3.024549710557422600e-05
3.022572539761935541e-05
3.022236912735625446e-05
3.024427141649489755e-05
3.021742361862682266e-05
3.020544077007164202e-05
3.020209318396387818e-05
3.020740376804616917e-05
3.017380218284476833e-05
3.016671985347290386e-05
3.016352093664061170e-05
3.016016976643053361e-05
3.016632172858826476e-05
3.015913636566945873e-05
3.003842800608662648e-05
3.003132413739051664e-05
3.003039441074444998e-05
2.995754979002998442e-05
2.996148926526099256e-05
2.995304559996468424e-05
2.997579930355998525e-05
2.994097396951844097e-05
2.990833376892941125e-05
2.988879054416681682e-05
2.990704363274269967e-05
2.987085249224347771e-05
2.986201258170571008e-05
2.986132834567973090e-05
2.987118107611611630e-05
2.984835659986952608e-05
2.986666834186119205e-05
2.983853199995896961e-05
2.984409186335505173e-05
2.984913863526436563e-05
2.983839109078343700e-05
2.984276594230068344e-05
2.984853105875328374e-05
2.983657404443555217e-05
2.983699297041148232e-05
2.984588232576298878e-05
2.980159383493201800e-05
2.983905848561367745e-05
2.983504866565956723e-05
2.983981446964127003e-05
2.983799407515832594e-05
2.983601953246694258e-05
2.982542542614440264e-05
2.983092684943720665e-05
2.980704562173352420e-05
2.982896158195733914e-05
2.982901507133106655e-05
2.983145315214072273e-05
2.983554037885177102e-05
2.980642539737274902e-05
2.980895860451584109e-05
2.981714791542015608e-05
2.979788835842239002e-05
2.981227487208243019e-05
2.978977499222283713e-05
2.981231827567440288e-05
2.979921647436485892e-05
2.982290698886709142e-05
2.983917373021136257e-05
2.982413929040703284e-05
2.982724452443712384e-05
2.982439513710714786e-05
2.987406400691578075e-05
2.988013340129093797e-05
2.985944543133432061e-05
2.988492362393925682e-05
2.987113569505256153e-05
2.984005574878514444e-05
2.985258106041689243e-05
2.987931165562765224e-05
2.985778271932782750e-05
2.983767956506374271e-05
2.982652411855021168e-05
2.978324402909023535e-05
2.980748611232938663e-05
2.978460403558832003e-05
2.976633341046149722e-05
2.979796543936599412e-05
2.989932651901414749e-05
2.992763019110596416e-05
2.991844762660436256e-05
2.997072145562379789e-05
3.006279563200806948e-05
3.010975383053922597e-05
3.008496293235411202e-05
3.002820363300618659e-05
2.982206001566621407e-05
2.979603402226750042e-05
2.975688386629921967e-05
2.978827401457754504e-05
2.983390060842254537e-05
2.979416903535585858e-05
2.980008396926769217e-05
2.995437990610124547e-05
2.997196828306912696e-05
2.997189891977990571e-05
2.996798733887273835e-05
3.000601022996221597e-05
2.995817671801631913e-05
2.993004188450927819e-05
2.992807102698133293e-05
2.998422130335109842e-05
2.995623378256349073e-05
2.991248503165814875e-05
2.996866758948565053e-05
2.970875266586072924e-05
2.970884451879796600e-05
2.965873309316775062e-05
2.959782946494142876e-05
2.970007619048060127e-05
2.960701442313090550e-05
2.958509530777101587e-05
2.959111646152366774e-05
2.965833499933885625e-05
2.962011181977376476e-05
2.950428149306764261e-05
2.946449558296172373e-05
2.946156284713167945e-05
2.948175835527521474e-05
2.950328353675760201e-05
2.952563122445796322e-05
2.970602076123038119e-05
2.969815388037733210e-05
2.958729936035726308e-05
2.947955962747168636e-05
2.955056417402828528e-05
2.958920154389584804e-05
2.945454145099200943e-05
2.952881446389865678e-05
2.952646558209764342e-05
2.945009814724466933e-05
2.947781204818991044e-05
2.949112066144755854e-05
2.958933763516656735e-05
2.959550981183584103e-05
2.954595378656287157e-05
2.940945952965668290e-05
2.948809757621793850e-05
2.926371904927468922e-05
2.927076467802280907e-05
2.931522713124458116e-05
2.876107315940103066e-05
2.896467923561884652e-05
2.890569413705754094e-05
2.895777337962611157e-05
2.907717986491750170e-05
2.912366081503277868e-05
2.902486270227140136e-05
2.913439851057806864e-05
2.912037400046782522e-05
2.918548838413977963e-05
2.918182975182496847e-05
2.926461149175982540e-05
2.917056367134481261e-05
2.916919236425897694e-05
2.915564942897126404e-05
2.921593238598184855e-05
2.930396688812874254e-05
2.921679493198000937e-05
2.942404454944405064e-05
2.899880906879051927e-05
2.897515278291433398e-05
2.932290079663678073e-05
2.973976779238836070e-05
2.995687282564113814e-05
2.987432083013964520e-05
2.998340560921179324e-05
2.995995851305751189e-05
3.030259256188679501e-05
3.047361783750191799e-05
2.991724986456005403e-05
3.021618090518841246e-05
3.074035377653721338e-05
3.160240942889306487e-05
3.235155038080042621e-05
3.374142570599205151e-05
3.352135228088757988e-05
3.453877317013728229e-05
3.602951805756994996e-05
3.694530913832301267e-05
3.819722476083343976e-05
3.705507570970082088e-05
3.816500352412401087e-05
4.024149224125190606e-05
4.444110672247662380e-05
4.495204505004892951e-05
4.851695008273872010e-05
5.393787233251880333e-05
5.500317237832321935e-05
6.296149579699468241e-05
6.663027866246407961e-05
7.098653432787563398e-05
8.304193740645949651e-05
1.031756396173334230e-04
1.222912322929297767e-04
1.556129107275119731e-04
1.746380063893118674e-04
1.915285626589008892e-04
2.480797664865577170e-04
