2.495432682787716502e-02
2.089265272477525831e-02
1.814817848262347683e-02
1.588110530613029772e-02
1.394986539475514577e-02
1.227085929596290204e-02
1.082334115388477666e-02
9.553124176687704042e-03
8.437085460608796314e-03
7.452930181927697705e-03
6.581750630229981844e-03
5.800780692594827148e-03
5.136999919260313435e-03
4.531754230265287557e-03
4.014634965901761783e-03
3.542722038176890353e-03
3.151735800035064365e-03
2.804244409834766392e-03
2.501129889515172396e-03
2.228817961155730217e-03
2.001477135547992739e-03
1.800893531213031270e-03
1.629522955053952374e-03
1.472790919406007353e-03
1.335041594354941484e-03
1.216634813334126252e-03
1.111389818145138830e-03
9.986423299507816466e-04
9.161343335889987442e-04
8.444634805364786053e-04
7.858058631511725955e-04
7.304996829008374550e-04
6.826927690719202316e-04
6.434759207371360716e-04
6.108331022030634742e-04
5.787652038240808424e-04
5.520283967029822932e-04
5.293854896778498647e-04
5.104492389762394638e-04
4.907864047605348763e-04
4.761027657537214488e-04
4.615513240448739819e-04
4.485858067379698728e-04
4.396124889691952983e-04
4.316663960563121871e-04
4.241972756740628055e-04
4.177513151584565207e-04
4.131947278340937502e-04
4.076976839009333314e-04
4.041898048934838969e-04
4.008916443233836091e-04
3.969783373959876469e-04
3.949614507325979892e-04
3.926864004622363435e-04
3.880042876958039819e-04
3.851099692085747949e-04
3.824936227145642382e-04
3.811290104923897967e-04
3.799468472399814977e-04
3.789356485138603461e-04
3.774341952471192045e-04
3.755845115871572814e-04
3.745869668904556072e-04
3.739827193663760089e-04
3.732100563110766914e-04
3.727393599622248733e-04
3.723763776513862376e-04
3.715149073219537693e-04
3.711993738310215936e-04
3.708814261221497614e-04
3.706198118804447466e-04
3.700400407592481641e-04
3.698320836799530009e-04
3.691038388682124898e-04
3.685172533447278009e-04
3.683451918998128919e-04
3.681751938070480920e-04
3.681118285643933787e-04
3.680995655874792359e-04
3.680632755429809181e-04
3.680612762061352054e-04
3.680592249558255679e-04
3.678242554285422977e-04
3.677851162535777582e-04
3.677711271339747070e-04
3.677572911840756810e-04
3.676914962890643289e-04
3.671108039072621841e-04
3.670284565470614238e-04
3.670186154009859097e-04
3.670145640779951760e-04
3.670091760473420239e-04
3.669784970932018424e-04
3.669759663485228649e-04
3.669730428559090187e-04
3.669720336110177464e-04
3.669706092241400942e-04
3.669688727954797296e-04
3.669655630621887466e-04
3.669610732435219370e-04
3.669559042190950250e-04
3.669493391645824729e-04
3.669361772593503711e-04
3.668398623282652067e-04
3.665602048420544385e-04
3.665392117362152938e-04
3.665290131840834233e-04
3.665130107898762683e-04
3.665046968157901000e-04
3.664973220904009250e-04
3.664584542965248310e-04
3.664340804802840670e-04
3.664261578934517225e-04
3.663975685955208413e-04
3.663735098601046810e-04
3.663572629317370815e-04
3.663130019178076563e-04
3.662911369769264718e-04
3.662547763018033243e-04
3.662020585989923457e-04
3.661800882502599312e-04
3.661693863039760686e-04
3.661464783383448188e-04
3.661274288846750615e-04
3.661125617238263422e-04
3.660928656356070223e-04
3.660560344742507855e-04
3.660425682332002560e-04
3.660264082475545586e-04
3.660124758588473130e-04
3.658648647700662982e-04
3.654071652244975424e-04
3.652182826856912603e-04
3.651450137381268891e-04
3.650889007698881615e-04
3.650454132576259675e-04
3.650102571220090989e-04
3.649920726559714810e-04
3.649676910424334039e-04
3.649121263072326363e-04
3.648541889289836910e-04
3.648225368805063044e-04
3.647035042484759494e-04
3.646557806432160014e-04
3.645544012992030214e-04
3.645165897812875058e-04
3.644321433447128729e-04
3.643657912557960311e-04
3.643255602190579711e-04
3.642886393413799061e-04
3.642711286915628816e-04
3.642101713161498625e-04
3.641821664401988126e-04
3.641618019063273641e-04
3.641185458304400089e-04
3.640850923774539339e-04
3.640026995346127333e-04
3.639404540817546617e-04
3.638673686545064218e-04
3.638092804024192057e-04
3.637619879568396988e-04
3.637483767501144510e-04
3.637181053685535257e-04
3.636766396642231798e-04
3.635524600937723306e-04
3.635001227713028889e-04
3.634733623302503379e-04
3.634440337767038038e-04
3.633922847502106947e-04
3.632937876186353976e-04
3.632445243722035163e-04
3.632097994662568385e-04
3.631454193324250052e-04
3.630926213846412507e-04
3.630453108918739761e-04
3.630152712547812842e-04
3.629912980922380761e-04
3.629720590586606654e-04
3.629593146816364807e-04
3.628895415409751231e-04
3.627694971814192262e-04
3.627319995285344101e-04
3.626493624967856710e-04
3.625497392262972416e-04
3.624295795836315177e-04
3.623765622855621609e-04
3.623372817825857737e-04
3.620503839241725553e-04
3.619703412244804530e-04
3.617499227847823656e-04
3.616157422675297483e-04
3.614811561708420771e-04
3.613880454900396085e-04
3.612553813719510511e-04
3.611328702744396549e-04
3.610394595531039147e-04
3.609351275905478811e-04
3.608805154401040650e-04
3.606709582843478168e-04
3.605725008770390393e-04
3.604836457500298756e-04
3.604139813658107381e-04
3.603673241281574744e-04
3.603051152885316513e-04
3.599969320420819824e-04
3.599145420677076390e-04
3.594874413173964407e-04
3.594356605406994116e-04
3.593027760232023323e-04
3.591760465449012930e-04
3.591374053143584519e-04
3.590790238481177577e-04
3.589601499678842672e-04
3.588334064664083539e-04
3.587150343405856156e-04
3.585917325264101449e-04
3.584744206329671073e-04
3.583978570192024489e-04
3.582683947779840314e-04
3.580134000507293216e-04
3.578103893025769014e-04
3.576861486973562576e-04
3.576016883424102321e-04
3.575255040031045267e-04
3.572200291489977214e-04
3.571956839579917354e-04
3.571351853003216516e-04
3.569168313907179714e-04
3.567810311620895898e-04
3.567267023965908410e-04
3.566947458378591485e-04
3.565862959099681774e-04
3.565187963541201297e-04
3.563502355743725786e-04
3.562157060817422319e-04
3.561492214696866058e-04
3.559602111979244380e-04
3.556445487312985846e-04
3.555130907391312249e-04
3.553059926264960687e-04
3.550803865580313208e-04
3.550501069672239076e-04
3.549811640924846988e-04
3.548860521657747416e-04
3.548621601995625508e-04
3.547996732850151858e-04
3.547219022352903926e-04
3.546821839666462685e-04
3.545186483737480386e-04
3.543954933737855357e-04
3.543660872416780220e-04
3.542315866724483507e-04
3.539744910782694756e-04
3.538177543874748828e-04
3.535146924828498475e-04
3.534607394533648530e-04
3.534660714374515829e-04
3.531018397078450658e-04
3.530018253545829949e-04
3.528349246365902791e-04
3.527550163860557132e-04
3.524930478008241725e-04
3.522870834497136752e-04
3.521907620965873892e-04
3.520679495805575389e-04
3.519241880230507833e-04
3.517642690113889723e-04
3.516070143567061280e-04
3.515415666449103835e-04
3.514318834986870010e-04
3.509706149471232073e-04
3.508503917094834700e-04
3.499113698161840824e-04
3.500068139588145030e-04
3.498525006168352555e-04
3.495279663605364894e-04
3.493575333473675822e-04
3.491634248238344672e-04
3.487894604916443389e-04
3.485397825758695359e-04
3.483347211573969309e-04
3.478414427371110166e-04
3.476941043888540691e-04
3.476784818696143880e-04
3.471206026274093154e-04
3.469833172936774243e-04
3.468576834385582995e-04
3.466807111078708649e-04
3.464060165682297560e-04
3.462265156043378591e-04
3.461369970190774671e-04
3.460362982925018968e-04
3.457508353093065073e-04
3.448435980032242554e-04
3.446813671766125217e-04
3.437068223647207462e-04
3.434882787413519149e-04
3.429874543289819348e-04
3.427123690947721148e-04
3.425510795140336703e-04
3.420572214903832664e-04
3.420857840731390993e-04
3.425048863034351430e-04
3.423190417183792395e-04
3.424019791696373432e-04
3.398148376654231057e-04
3.393025282430408196e-04
3.378010253313012252e-04
3.376717638146197343e-04
3.389290115428793574e-04
3.387961982643149998e-04
3.390368040015732964e-04
3.391333806086795359e-04
3.386653829563188211e-04
3.384400143649451791e-04
3.385015671557493975e-04
3.391752662357136417e-04
3.378138016996327453e-04
3.369029188065024330e-04
3.357587515097450247e-04
3.359749137038993850e-04
3.355133450835041551e-04
3.362224093996200066e-04
3.356103306593955014e-04
3.365614629974253164e-04
3.366779356691017300e-04
3.366425873399783632e-04
3.389524439186241940e-04
3.390674753115438382e-04
3.378630183941236137e-04
3.406709235053952600e-04
3.415635225657479663e-04
3.433873420936772356e-04
3.430756222783121895e-04
3.477579210402884416e-04
3.509801630947358272e-04
3.499773549528235493e-04
3.541718505777121805e-04
3.584879135184458913e-04
3.632486849776998751e-04
3.670702875487365517e-04
3.752815649395116080e-04
3.868369349788194586e-04
4.014161585797178591e-04
4.164063321990474830e-04
4.341702259633129467e-04
4.426042936820972292e-04
4.615433313007722121e-04
4.665572421858529004e-04
4.828332197453816168e-04
5.092846416524054011e-04
5.357107886578504029e-04
5.515419624475985166e-04
5.803317428208014080e-04
6.206525620090031035e-04
6.826218985088675778e-04
7.220616987141791499e-04
7.915378269057526733e-04
8.782931000358663517e-04
9.320329658686055379e-04
1.026256255717566393e-03
1.093525826720322764e-03
1.205836077189817099e-03
1.288860590126691182e-03
1.456245878589279130e-03
1.570927847359109919e-03
1.779303742373365129e-03
1.999660507935821334e-03
2.167277199708585178e-03
2.426884614644848719e-03
2.696665645737312145e-03
3.042981352178530420e-03
3.392021970103918042e-03
3.662494189914073696e-03
4.253632672838487429e-03
4.773899220254224432e-03
5.392323391489501488e-03
6.187655591938303300e-03
7.087067622560526414e-03
7.978221032225833731e-03
8.765425461929574752e-03
9.507147109311948896e-03
1.066985060193704864e-02
1.135839188648490178e-02
1.346456775005741048e-02
1.498136804676460966e-02
1.695399483191632750e-02
1.882569660032699932e-02
2.097503323445450846e-02
2.353562737112102274e-02
2.686660725672243219e-02
2.977751799380929862e-02
3.356450007989819628e-02
3.830346207934825359e-02
4.223797942922202786e-02
4.842378085745255994e-02
5.598798169105665551e-02
6.607619898615615939e-02
7.950114674944339099e-02
9.457477332082162014e-02
1.172822216405862705e-01
