4.491439370303717225e-03
1.817806192609733871e-03
1.701846177991752111e-03
1.684364960401250758e-03
1.674133404509891253e-03
1.670939550368448706e-03
1.668446708657354881e-03
1.657628178833941328e-03
1.653401032421140081e-03
1.642904057284106430e-03
1.639146805963517676e-03
1.639132395937254296e-03
1.637753043096693570e-03
1.634249208487591285e-03
1.628692260129839921e-03
1.622487439247122763e-03
1.617377837911291704e-03
1.616209250511302202e-03
1.609684072596325550e-03
1.604032628907908200e-03
1.596464173556358217e-03
1.595856539888257679e-03
1.594757122729602771e-03
1.593752538268414579e-03
1.591324125431907996e-03
1.586690521850420707e-03
1.582414822954116181e-03
1.580239065143458329e-03
1.577409417453521940e-03
1.575345742538608639e-03
1.577158997896140665e-03
1.572271580440280777e-03
1.570157427249101959e-03
1.563466535416614157e-03
1.564969736771575646e-03
1.561072686706247358e-03
1.560006726554551398e-03
1.558915107970790422e-03
1.557630588317410799e-03
1.552309878222999946e-03
1.551022834497620736e-03
1.549615872150789586e-03
1.548111905205207901e-03
1.548060564045223046e-03
1.542338908582207386e-03
1.539784889678096807e-03
1.535249780244918186e-03
1.532187547560551330e-03
1.528386310869999732e-03
1.527362235705687164e-03
1.526377220368617003e-03
1.523173264059948665e-03
1.523369228527062403e-03
1.523572641517619355e-03
1.521792790864589856e-03
1.522520418564450974e-03
1.520295814618674232e-03
1.518627588149033640e-03
1.518899393783732822e-03
1.509480651460273857e-03
1.509976012301466816e-03
1.501046523197858539e-03
1.501920193636933649e-03
1.500918910004489688e-03
1.502189281999293403e-03
1.495210633482524322e-03
1.495904232160411712e-03
1.490368283147754753e-03
1.484136827490517997e-03
1.482919953882437525e-03
1.479647494427686243e-03
1.475559901789802973e-03
1.473444238453151508e-03
1.467087650972976861e-03
1.463339665875466877e-03
1.458758597488576513e-03
1.456583305684003944e-03
1.453200807021442706e-03
1.454411104932794296e-03
1.452972444710354119e-03
1.449023357191675130e-03
1.450595122270344726e-03
1.444548380339769804e-03
1.440160522892263133e-03
1.439360898986751132e-03
1.438348225221712257e-03
1.438941875238348598e-03
1.436667176376579336e-03
1.432608899562461124e-03
1.430683396150000475e-03
1.426753672882327120e-03
1.424628117917091288e-03
1.415797707695232600e-03
1.413584198804384261e-03
1.410673018633601698e-03
1.408991030013951240e-03
1.408173385309828942e-03
1.409232336692502934e-03
1.405635753207936474e-03
1.400257741976379880e-03
1.396817973367974397e-03
1.392271385422298724e-03
1.389630871238768618e-03
1.393319782397443776e-03
1.388920054867790951e-03
1.389417697666046891e-03
1.387151298032547522e-03
1.377464351786347133e-03
1.376330947513981166e-03
1.374452068198225678e-03
1.374753943463046012e-03
1.371074044436716580e-03
1.364562083746239697e-03
1.361667044963251003e-03
1.359263282022508739e-03
1.359711511666573253e-03
1.351001246141687005e-03
1.348394019266939328e-03
1.343724681139571962e-03
1.343371826975504240e-03
1.342996335462137399e-03
1.335726706159459870e-03
1.335801976197814817e-03
1.335123540662582538e-03
1.333712303380088331e-03
1.328453034044934028e-03
1.323489887783086370e-03
1.316806448972105597e-03
1.314870652148905725e-03
1.306956104518424691e-03
1.304149273128977658e-03
1.302454266222691443e-03
1.303040978920866995e-03
1.300649464098428600e-03
1.297815300007497050e-03
1.295087369755900482e-03
1.298971484428004981e-03
1.295857655727985667e-03
1.293422439194673920e-03
1.289441151353140635e-03
1.285559094344305075e-03
1.284810805180327522e-03
1.283508012876511100e-03
1.280244186389054841e-03
1.275400344912169673e-03
1.268625691069382496e-03
1.267603493117719360e-03
1.268388212039855143e-03
1.267284578233149111e-03
1.265910334544343265e-03
1.264901859108583668e-03
1.267212430230434377e-03
1.262211139037682254e-03
1.260507296920033819e-03
1.257352070419373233e-03
1.256309681111941311e-03
1.257533999005980936e-03
1.254533485104286769e-03
1.252926332551146903e-03
1.248199199837830495e-03
1.241737518055894759e-03
1.244048650961850381e-03
1.240064464829320357e-03
1.233106023269803708e-03
1.230720486403410639e-03
1.229040661704075901e-03
1.233362489724919254e-03
1.230484019673258687e-03
1.233247118334688218e-03
1.233624564877074592e-03
1.222309202944330594e-03
1.221118494895944741e-03
1.219112293767946878e-03
1.218027560265565277e-03
1.216761207569869076e-03
1.212015249236265621e-03
1.215714745539250895e-03
1.212839732226960116e-03
1.205468789243768768e-03
1.195628611385991108e-03
1.197100615717764738e-03
1.195475883452356072e-03
1.192927024252726006e-03
1.190917875197049485e-03
1.191495677321340388e-03
1.188669736179797948e-03
1.187608489194050656e-03
1.177372292660097859e-03
1.179092981142517999e-03
1.182570871882446641e-03
1.172886529885396349e-03
1.161088057827622472e-03
1.151028403754887717e-03
1.152631067475672500e-03
1.154464729618103576e-03
1.156663571324556940e-03
1.153548019881470285e-03
1.152145763660872421e-03
1.142890265296255588e-03
1.146727184921986741e-03
1.147609550750248097e-03
1.142150668355436513e-03
1.136558578558785918e-03
1.136081738977419344e-03
1.133315021300005786e-03
1.130813238210624664e-03
1.139032771008250625e-03
1.128044842362413685e-03
1.127671272056990012e-03
1.124101280984170573e-03
1.127182230254138466e-03
1.119643242444706699e-03
1.118205828214424713e-03
1.116194244242486953e-03
1.115371577084215467e-03
1.103828652465801497e-03
1.100531391493086292e-03
1.103356416823244755e-03
1.102620437046519970e-03
1.100580471669447948e-03
1.105272734287890933e-03
1.100526884494185901e-03
1.095163603247772824e-03
1.096073358061823823e-03
1.091032134342306619e-03
1.092133773660642617e-03
1.089740942206154960e-03
1.092640345051013560e-03
1.085206695717750138e-03
1.083319145155975469e-03
1.079691108801886582e-03
1.074166829130342605e-03
1.069940003745087700e-03
1.068436185805064992e-03
1.066609687732205216e-03
1.054755061231203803e-03
1.059690744020842833e-03
1.053877609708490449e-03
1.043444136153253527e-03
1.046543683910053412e-03
1.050436960802071228e-03
1.043412491390313928e-03
1.032270335093935518e-03
1.025522999633452252e-03
1.015716018375260139e-03
1.021811621369726145e-03
1.013302033635516460e-03
1.008496681471562559e-03
1.016223591961996041e-03
1.025063452400243021e-03
1.001607373862302289e-03
9.979266889088289627e-04
9.976729357474099086e-04
9.912114223984793467e-04
9.876507059291246907e-04
9.997119755775329530e-04
9.872169298146239117e-04
9.884491638881707978e-04
9.816127263841177650e-04
9.827700545766179623e-04
9.817997026297672989e-04
9.773733651660446685e-04
9.775273539203764659e-04
9.800297825776015624e-04
9.734514729413344929e-04
9.686099839894777306e-04
9.705714666269550000e-04
9.815974700620147715e-04
9.691800907646036653e-04
9.632139001865829171e-04
9.619148707012578582e-04
9.658800968450424176e-04
9.676199176761777435e-04
9.626830358138626026e-04
9.559605195253236421e-04
9.639322582793183151e-04
9.642509021233188014e-04
9.711429363121050311e-04
9.534371091523903725e-04
9.557464805618937119e-04
9.455250385359194754e-04
9.430587351797375993e-04
9.403812289911152485e-04
9.519626162956190208e-04
9.374161634899910202e-04
9.446562772408311935e-04
9.485087834287390159e-04
9.615326953247033820e-04
9.697333782844516897e-04
9.599265082202621500e-04
9.656323323112407132e-04
9.689347494939632745e-04
9.649965341672390616e-04
9.572680890263362673e-04
9.753975800168301642e-04
9.568671390684402745e-04
9.608958747819414592e-04
9.517978372778294199e-04
9.452627102023449489e-04
9.638019140194387189e-04
9.534581850658559957e-04
9.523395670998101087e-04
9.525886085331368392e-04
9.664196457111541875e-04
9.626631848265027307e-04
9.636193126236317118e-04
9.678844716164675772e-04
9.575277400703627491e-04
9.474960836407861743e-04
9.803102040314437288e-04
9.617302469119527394e-04
9.529383915221868121e-04
9.631822964068758588e-04
9.572852670088824456e-04
9.624798767897680936e-04
9.529298440885841139e-04
9.619575719136456114e-04
9.609561376492364165e-04
9.524039084166328190e-04
9.607738105168546396e-04
9.478182597250908378e-04
9.433194129189473786e-04
9.506462561313508072e-04
9.236463625399661190e-04
9.222811498054618194e-04
9.321915829622952647e-04
9.410887692951435107e-04
9.306949914537159235e-04
9.463472909228043449e-04
9.834559205343445468e-04
1.007088812578665112e-03
1.019719336211248172e-03
1.027544023882282246e-03
1.005598556509844626e-03
1.004081323375388950e-03
1.001196082015764609e-03
9.836640085379264216e-04
9.806531810325252920e-04
9.895086729156516402e-04
1.002437343987059226e-03
9.965623759923354554e-04
1.042733583699757697e-03
1.037313513242213480e-03
1.030923980986988035e-03
1.036935578687568898e-03
1.037050787169349749e-03
1.037883172762263558e-03
1.047213262157129952e-03
1.059791608804022634e-03
1.086278853881388539e-03
1.089045241640363608e-03
1.071467012331984167e-03
1.116059592832128631e-03
1.104079059428328576e-03
1.096641340641693434e-03
1.094726382992408480e-03
1.144693714539086332e-03
1.133257749352770951e-03
1.148158554501541506e-03
1.186934473835684180e-03
1.197810838845639542e-03
1.241782635976271514e-03
1.293729009351499582e-03
1.336201404903807717e-03
1.337249071059455402e-03
1.333293361578290681e-03
1.351245959130709367e-03
1.326241574898520638e-03
1.322181565217650859e-03
1.358991130785133740e-03
1.390284524353547439e-03
1.447249532546331747e-03
1.473349644326436706e-03
1.538931627943276913e-03
1.550224999403010872e-03
1.578112182675597309e-03
1.582100894306406836e-03
1.624942145930417152e-03
1.708025942294421696e-03
1.727157042511202455e-03
1.753036596960495276e-03
1.865485145959366615e-03
1.869992493887772484e-03
1.853499845583588598e-03
1.934148134113872252e-03
1.937738264416293595e-03
2.083857120959942306e-03
2.180917488883458988e-03
2.173369121151874639e-03
2.273948781880017356e-03
2.370922957002934064e-03
2.438688895028405176e-03
2.565314345769917435e-03
2.692692417200605662e-03
2.764876830608958228e-03
2.771713069054724046e-03
2.826049174644528622e-03
2.812736421735988288e-03
2.812974894827276282e-03
2.900318952069237503e-03
3.045082363115647096e-03
3.059723376223026994e-03
3.181401022276809671e-03
3.314226615603958412e-03
3.344391898653329646e-03
3.423565341074094256e-03
3.664096218698155872e-03
3.822162028256629283e-03
3.744565490710244620e-03
3.915329640049223202e-03
4.009132593021627784e-03
4.144407823349457315e-03
4.408167972612171519e-03
4.633429559501362448e-03
4.697464245237993261e-03
4.951604639007826762e-03
5.005769820661086153e-03
5.220138823065605289e-03
5.486383645555991534e-03
5.784452280825886673e-03
6.063783834237831266e-03
6.198335676758419399e-03
6.373450098652003355e-03
6.576212664275386116e-03
6.835920861904694855e-03
7.321675964152972449e-03
7.678401363133980848e-03
7.996246901392969203e-03
8.577820015450756883e-03
8.831689947848903738e-03
9.400802885345477256e-03
9.960307322943723687e-03
1.063697868368791190e-02
1.119048778052215629e-02
1.192420765146844780e-02
1.265085723002790617e-02
1.290607376775348286e-02
1.337940797099360091e-02
1.423160226235702965e-02
1.520663944677521674e-02
1.578627786519119433e-02
1.698712235403865983e-02
1.779284861056922712e-02
1.941937315363138211e-02
2.062452906658582968e-02
2.197780659341044829e-02
2.354181369904197879e-02
2.541986594770413027e-02
2.667688736331017343e-02
2.811655384036038097e-02
3.102221517000230966e-02
3.288131040340090683e-02
3.548805307877229281e-02
3.804113393393629416e-02
4.052074183380448974e-02
4.318940786898933099e-02
4.630140419444490896e-02
5.071498921915753438e-02
5.283315285453145382e-02
5.773570249556789213e-02
6.319135923457708248e-02
6.982703778493462576e-02
7.641460761089784171e-02
8.391076751933602973e-02
9.000295234585413418e-02
9.756709695061428766e-02
1.088511001814457674e-01
1.200365212587122671e-01
1.281518005911176095e-01
1.475005027316371176e-01
1.564910721956841444e-01
1.570022758906718385e-01
1.727027369695971759e-01
1.896901352490266701e-01
2.124842323873426531e-01
2.430946634044347243e-01
2.810110078874345496e-01
3.279639771607962828e-01
3.783371617366303452e-01
4.509486201597368571e-01
5.656978103944175773e-01
