3.614014185518304689e-06
5.861171846267410247e-07
5.273456667050006317e-07
5.187634657054872208e-07
5.138458592909400139e-07
5.124587686029892046e-07
5.101741749438685285e-07
5.076435032791860429e-07
5.067339541937998496e-07
5.007147425874849373e-07
4.995566121186062118e-07
4.987226548692683039e-07
4.981166427697094911e-07
4.971095856630397217e-07
4.940215315089333085e-07
4.925273794959467362e-07
4.906790406142985835e-07
4.894798694014826726e-07
4.879535889432528369e-07
4.863235590733822984e-07
4.835609269940072928e-07
4.827580515672176650e-07
4.825008594856483307e-07
4.814155513574114153e-07
4.800553945869475032e-07
4.776071816125313377e-07
4.761052320322329473e-07
4.746421542911436987e-07
4.739022807895227327e-07
4.722790782668454828e-07
4.715743898172144953e-07
4.688443788825961093e-07
4.675195213633167334e-07
4.662956885373358527e-07
4.660345241874626825e-07
4.633570402674953845e-07
4.627789486376060240e-07
4.617799966752963639e-07
4.612622756751135647e-07
4.595133926866121458e-07
4.587511770684879968e-07
4.583623694217301344e-07
4.567668038096202198e-07
4.558640126821983790e-07
4.543349079391612055e-07
4.530761928361951425e-07
4.513070115569928182e-07
4.498251374304502194e-07
4.489858314940400830e-07
4.483237591802771034e-07
4.476038247358525268e-07
4.467881351149448627e-07
4.460697263104821854e-07
4.449926747646725738e-07
4.440740306699045800e-07
4.437196771596162105e-07
4.425078155452919899e-07
4.420165640333636352e-07
4.414901580756963786e-07
4.399639398344999552e-07
4.396235783202618050e-07
4.376289132833608529e-07
4.368851327852794940e-07
4.361829050371446530e-07
4.354889084387718545e-07
4.337699729740451176e-07
4.332380492184229538e-07
4.301873571348818018e-07
4.283330574692941010e-07
4.268155875296595346e-07
4.263409635201666294e-07
4.245662433220232649e-07
4.228686717225580384e-07
4.195436986786856562e-07
4.183428348704990779e-07
4.172760509335916741e-07
4.162242978653514913e-07
4.145295276975622559e-07
4.139671536682206288e-07
4.132665666304340541e-07
4.121127628954987590e-07
4.114026579597992851e-07
4.106175504288590414e-07
4.082293962591308070e-07
4.073280634817931310e-07
4.073187756284068883e-07
4.069203439065833012e-07
4.058137549152283815e-07
4.042121017367186477e-07
4.028143515671102095e-07
3.996111789594060567e-07
3.981161189582178477e-07
3.956827022973060378e-07
3.940650981161669556e-07
3.933839724444705351e-07
3.921469302433293336e-07
3.904629227855572832e-07
3.897421655026734097e-07
3.892272977443522655e-07
3.887168722225514332e-07
3.874378140335311675e-07
3.865513768467266313e-07
3.857912065782140145e-07
3.843075893934201429e-07
3.839411790275338887e-07
3.828800884068481354e-07
3.820526950148073985e-07
3.788308486060678667e-07
3.773507202366751324e-07
3.764157954433486099e-07
3.753244159363232195e-07
3.739871253239591616e-07
3.725035568239817023e-07
3.706613319449607250e-07
3.696490609004058791e-07
3.676556807801152772e-07
3.651649985836169178e-07
3.637320588363447574e-07
3.619414287192660366e-07
3.598966221928177482e-07
3.594350723306103119e-07
3.563619790883327531e-07
3.557652382829729549e-07
3.549670244288820162e-07
3.546949376874510107e-07
3.524716080917889259e-07
3.514468829987460300e-07
3.495255025476088346e-07
3.480347872700515481e-07
3.458130638160298386e-07
3.438262405829955672e-07
3.430614989950733263e-07
3.421679955896097668e-07
3.413660360248149543e-07
3.411279212772598376e-07
3.404345441021894472e-07
3.393323166724184209e-07
3.383271195436967549e-07
3.373711424440096114e-07
3.360189540869830621e-07
3.350467610559775775e-07
3.344323101087854732e-07
3.329430262110803265e-07
3.316932934360635810e-07
3.303792064186699656e-07
3.285153072592042604e-07
3.279292302223467426e-07
3.261452071963790530e-07
3.257465458277081841e-07
3.249432984851235580e-07
3.242576071194662363e-07
3.237521004285688845e-07
3.237695037925497669e-07
3.233178860057962668e-07
3.228858766092169301e-07
3.222225586026744745e-07
3.203006634702192753e-07
3.187233327065473991e-07
3.180017234354125405e-07
3.174025612400159929e-07
3.144388786185299361e-07
3.143442887896371855e-07
3.133502947414299528e-07
3.102365260347451873e-07
3.097406406843973391e-07
3.093073006536566038e-07
3.086276263256835817e-07
3.081720629241268172e-07
3.077720726576965803e-07
3.069378315223568419e-07
3.063697882611815853e-07
3.043259584565630683e-07
3.035116373106943370e-07
3.025980202462668229e-07
3.007192088966801368e-07
3.000762088508793569e-07
2.983752957492188875e-07
2.978487142703129137e-07
2.958330883199038576e-07
2.944793243063227521e-07
2.935827969820931352e-07
2.920245118733108167e-07
2.894365446778570550e-07
2.877439667795176398e-07
2.868406912226600387e-07
2.848891793100020332e-07
2.843027170068577712e-07
2.835156341007244248e-07
2.832639569393557934e-07
2.809844277559371846e-07
2.794737903255425393e-07
2.754262291164995394e-07
2.735785275477841436e-07
2.735361533137849113e-07
2.732744206643803546e-07
2.727678856965695391e-07
2.723942085110143788e-07
2.710611258209000729e-07
2.695418794092644597e-07
2.700634934960292596e-07
2.698400779990361870e-07
2.687606912592036204e-07
2.682369762928691728e-07
2.680900143190289890e-07
2.670139310304969704e-07
2.659602088981377742e-07
2.653704165447921366e-07
2.651706301947785552e-07
2.636455340535287840e-07
2.624159911121734260e-07
2.624510000285974192e-07
2.587112559145015219e-07
2.577744235793376225e-07
2.569424597216832376e-07
2.556388179794701235e-07
2.549605119535583539e-07
2.543997544051231624e-07
2.532920097425741398e-07
2.531484544795047332e-07
2.524408108051010339e-07
2.519601043644645073e-07
2.514507389562794670e-07
2.508987862990265526e-07
2.508330230640894618e-07
2.476446128114974936e-07
2.477164574330614327e-07
2.468207455217124591e-07
2.474595527924417100e-07
2.464067829080297692e-07
2.454705314530528377e-07
2.453564352141409470e-07
2.438937712577533069e-07
2.411095394145102254e-07
2.399092402630106965e-07
2.382216647436768217e-07
2.368434138963144768e-07
2.356172551429577574e-07
2.332415667146743140e-07
2.322322250527606303e-07
2.324290591558385231e-07
2.308103859489773929e-07
2.302272514247031914e-07
2.298228081668060372e-07
2.262682403942272873e-07
2.233200802587451558e-07
2.229010514414070982e-07
2.216555000597626172e-07
2.215868409026501756e-07
2.213999656749838691e-07
2.209328505706929437e-07
2.181033009331884607e-07
2.163055417021270314e-07
2.153407959458573068e-07
2.144751058995883276e-07
2.143112275058904761e-07
2.162152554912129674e-07
2.140501236728110653e-07
2.155170582592791497e-07
2.134229973324081081e-07
2.129913529073754794e-07
2.135613406309203042e-07
2.123389537104048864e-07
2.118349964746069891e-07
2.110728035832330064e-07
2.103755831100500410e-07
2.093968202382203281e-07
2.084187420569957077e-07
2.106882813514294441e-07
2.072776003403159376e-07
2.059886991415749123e-07
2.049609974452160222e-07
2.049614217511180564e-07
2.038063028264038062e-07
2.040931815561796420e-07
2.033928848882926397e-07
2.021580772146980673e-07
2.019992322988266616e-07
2.038992440980186824e-07
2.008606378543590092e-07
2.001403212242808420e-07
1.988684479679845782e-07
1.989493893488521325e-07
1.963947238749887738e-07
1.970123276930556048e-07
1.948763289025510363e-07
1.955720167758585994e-07
1.963694709699920489e-07
1.969557298802208395e-07
1.983178866728710349e-07
1.975073575006027660e-07
1.982115303608508230e-07
1.982044456606049053e-07
1.978451058680181020e-07
1.971375869361011171e-07
1.967674426843491719e-07
1.959090453620553282e-07
1.958838483463504091e-07
1.954458407752462339e-07
1.957346497683712699e-07
1.969833997429861754e-07
1.970474626604044170e-07
1.970482969391609560e-07
1.978725657248512750e-07
1.974777681292558467e-07
1.951633751531038215e-07
1.942232660896144880e-07
1.946660661766061367e-07
1.951270325579129756e-07
1.942104583927198218e-07
1.955818197093718714e-07
1.924664129067743498e-07
1.927826801323587352e-07
1.930238378994406089e-07
1.920389419456606573e-07
1.924432833229623526e-07
1.901695147809516442e-07
1.931511371158933781e-07
1.941518296083233848e-07
1.920449023383820775e-07
1.959971885410684986e-07
1.939192385531219318e-07
1.837529357434181003e-07
1.836879770402566100e-07
1.784781343808047858e-07
1.799219568040988991e-07
1.797083641826927848e-07
1.871424372206744426e-07
1.820937917910431153e-07
1.874654175373978253e-07
1.978941397450798130e-07
2.020023981824291642e-07
2.069874188378328791e-07
2.117314009183525129e-07
2.061952415621262704e-07
2.041072500933609735e-07
2.075064182174196856e-07
1.914261164619515799e-07
1.907761411575349685e-07
2.008242352560417059e-07
2.041603052946255787e-07
2.046075679942038556e-07
2.079667181109634682e-07
2.067967094493477479e-07
2.099232124592107278e-07
2.064969648273858869e-07
2.080702118022506404e-07
2.138419919787243463e-07
2.100132365445364103e-07
2.168982052516049863e-07
2.177696409652538270e-07
2.172809246908814052e-07
2.196007597391372632e-07
2.309843725876868097e-07
2.260946826838163937e-07
2.258227267253330618e-07
2.247741458959233132e-07
2.441723561608766685e-07
2.465578981412538122e-07
2.536666847808143031e-07
2.626128932518423830e-07
2.704374889168520979e-07
2.800038792937322937e-07
3.055266597664474112e-07
3.256979238565261694e-07
3.190871522450849856e-07
3.172239108962794693e-07
3.234830558060966389e-07
3.179409304255996309e-07
3.138125561382270781e-07
3.320665161206537514e-07
3.407365323275309503e-07
3.880439754315904900e-07
3.911024495770143993e-07
4.191430826420427580e-07
4.300288795555284676e-07
4.496966654405479594e-07
4.562513202787979264e-07
4.890616861115515273e-07
5.246219522134332797e-07
5.287351125619419980e-07
5.543484718502549512e-07
6.100663825865124143e-07
6.197777057902279480e-07
6.158307732252621929e-07
6.575352648020635142e-07
6.570830768066734612e-07
7.647250384041945329e-07
8.606097973117813199e-07
8.567263812710391847e-07
9.239119874643370303e-07
1.023316760133343983e-06
1.060121395220398632e-06
1.133772209737294045e-06
1.223083231148195017e-06
1.284477466412406304e-06
1.299878494577990249e-06
1.372130988091695051e-06
1.340018987052770823e-06
1.316406654062992152e-06
1.446846352167770404e-06
1.608288171606903441e-06
1.631704165336360543e-06
1.735290304811380603e-06
1.891944715759067454e-06
1.949419700060043431e-06
2.128732235770207680e-06
2.351556097210283074e-06
2.598768899636621016e-06
2.476626966469726695e-06
2.779160048855147445e-06
2.955713684735926376e-06
3.163563008745173575e-06
3.625282476890531269e-06
4.048714682213386643e-06
4.120306683703415082e-06
4.477801018700615489e-06
4.662521529356979810e-06
4.948311286096900764e-06
5.377870007714282495e-06
5.996488290341708947e-06
6.461479594269764936e-06
6.802342017336827232e-06
7.164272794560339770e-06
7.782432293291045980e-06
8.407816799544217662e-06
9.632969153091446680e-06
1.040989143874861336e-05
1.182049432040190474e-05
1.362479444991568080e-05
1.468106307243689685e-05
1.654205169875202835e-05
1.824853384364890507e-05
2.111694107772342461e-05
2.336147384182145779e-05
2.647724178720652571e-05
3.017178761295473749e-05
3.169237438333530132e-05
3.476625373020343868e-05
3.962864127609049843e-05
4.474746510486773634e-05
4.724943457756579498e-05
5.469323818196151240e-05
5.949557229969817669e-05
7.356102284080391043e-05
8.161152057215755322e-05
9.564867076761216587e-05
1.127767601151333173e-04
1.301025819001678575e-04
1.400634267320258859e-04
1.573865719837399407e-04
1.930451480606350473e-04
2.144719487892094302e-04
2.643061557213669671e-04
3.123551134269235072e-04
3.761941339441298728e-04
4.273978515637669173e-04
5.279392741270647451e-04
6.311498684521358454e-04
7.003809788494578820e-04
8.561581802390230179e-04
1.040541248028591451e-03
1.338861733989183669e-03
1.563826495047730388e-03
1.905944268778606921e-03
2.209111914708997062e-03
2.718654319644436389e-03
3.544254485066217382e-03
4.291282284593666771e-03
4.854486890730916847e-03
6.480412465562125808e-03
7.344645944899226044e-03
7.333203837623103634e-03
9.249745587577304709e-03
1.118895469982424638e-02
1.428640687015144892e-02
1.907887046485283455e-02
2.608040642469637571e-02
3.557821753559498035e-02
4.822635806634732736e-02
7.206225509746269631e-02
1.319956672582753843e-01
