7.122381012806290861e-04
4.432905477460055005e-04
3.398793499193918728e-04
2.750241996381321040e-04
2.270119649724276463e-04
1.880285191754143528e-04
1.585147242207305123e-04
1.356040809934303849e-04
1.154140403141982855e-04
9.939418404888060519e-05
8.676857832781842135e-05
7.700246848068198783e-05
6.939912451167933212e-05
6.342040494152153022e-05
5.838294355250401012e-05
5.430278691932430865e-05
5.134682831534563406e-05
4.886876080426836048e-05
4.679192510304000296e-05
4.532450206086688122e-05
4.367537120648765829e-05
4.275200046594532292e-05
4.194285075782489187e-05
4.007587985125095738e-05
3.919421488343987671e-05
3.866883910491184558e-05
3.789900366695242033e-05
3.720850579582901440e-05
3.621269048404640931e-05
3.575117640068730112e-05
3.552821303576196685e-05
3.534955184851537396e-05
3.522159569077379452e-05
3.513372346963838152e-05
3.501047189526182451e-05
3.486649599255853575e-05
3.429909134136370388e-05
3.425274296103921102e-05
3.419686569460241807e-05
3.415984195128947914e-05
3.412581795939822143e-05
3.410598488424502702e-05
3.403363225727952187e-05
3.401301397625429809e-05
3.392442612302621734e-05
3.390306588702512162e-05
3.389119712055471315e-05
3.387692832684835480e-05
3.386202864257970414e-05
3.385791380050951567e-05
3.384408311324149177e-05
3.381895971755434960e-05
3.381063980924626995e-05
3.379869279801172547e-05
3.378248449586571160e-05
3.376441274109629598e-05
3.376001837740517692e-05
3.375258287334546685e-05
3.374691918397935666e-05
3.373970719150301328e-05
3.373333340990170785e-05
3.372518044113160005e-05
3.371978717019108397e-05
3.371794109750206081e-05
3.370326444218272964e-05
3.367776654495017812e-05
3.365233000553350876e-05
3.363117388703974682e-05
3.362451064475831871e-05
3.361793066780447971e-05
3.360018437067971729e-05
3.359730820567755625e-05
3.358305583649512957e-05
3.356413500451680163e-05
3.355646791467992515e-05
3.346795073906644352e-05
3.343825718361057681e-05
3.341760343634282070e-05
3.340712193266815252e-05
3.339896477368090174e-05
3.339237647707684361e-05
3.337049530797515018e-05
3.335710510294942780e-05
3.327286818161753534e-05
3.324254235917979526e-05
3.321862535597762644e-05
3.320969209557772696e-05
3.320079958854521015e-05
3.308352484167457780e-05
3.307397057301866302e-05
3.306388107290653307e-05
3.305154906057077816e-05
3.303242185298803255e-05
3.302791395821079028e-05
3.300685950039683485e-05
3.300023045380174192e-05
3.299060205520926972e-05
3.298638504725717984e-05
3.297106582039722143e-05
3.295223246693032766e-05
3.285916293090409120e-05
3.285169215237631512e-05
3.284296364585644496e-05
3.268274865082154208e-05
3.267756304614490394e-05
3.250003402221653262e-05
3.249468240761022812e-05
3.247603172654681028e-05
3.238707229434571478e-05
3.237684088856271602e-05
3.237266258095756934e-05
3.235614102518917989e-05
3.235258073377436042e-05
3.234484358847897938e-05
3.234350694933466199e-05
3.233044994699080937e-05
3.231094505848645173e-05
3.221799210574067288e-05
3.221186861246208181e-05
3.220868243343298604e-05
3.220767868023941357e-05
3.220024344152951160e-05
3.213152948378939497e-05
3.213362817242574357e-05
3.211219399672510385e-05
3.211686147191243027e-05
3.209603167636961550e-05
3.208341141998146827e-05
3.208307416247403141e-05
3.206006126759434533e-05
3.204336990945334021e-05
3.199458524842413746e-05
3.196709259085063677e-05
3.196365933258428304e-05
3.195687249411055997e-05
3.194752232025089113e-05
3.193944099207440758e-05
3.193838305812968839e-05
3.193781398919445086e-05
3.192934013523747227e-05
3.192231874341361131e-05
3.191641973755247197e-05
3.191425148108681582e-05
3.190062061744078294e-05
3.187221436050204825e-05
3.185173751143505108e-05
3.185211431092280763e-05
3.184743129670532203e-05
3.183801653472616641e-05
3.183333594057291121e-05
3.184007659976883890e-05
3.182585058434796534e-05
3.183491985361764693e-05
3.183038552875753059e-05
3.181668321018546263e-05
3.180624029292025950e-05
3.179666909722749191e-05
3.178124454102059096e-05
3.176669472480701340e-05
3.177286145904477795e-05
3.176485685824778312e-05
3.173079754554963144e-05
3.172206253124390106e-05
3.171864911488368738e-05
3.171841359457393706e-05
3.169558076967757580e-05
3.169156310129842393e-05
3.168236896778126071e-05
3.163929799706667237e-05
3.162559186614690939e-05
3.160900105221070208e-05
3.160420443579386622e-05
3.159741122839788751e-05
3.159982915175874057e-05
3.159232708791484345e-05
3.157690920653086832e-05
3.157202310101829941e-05
3.156727303173166815e-05
3.153100598832086907e-05
3.150962868540547172e-05
3.151031086628407104e-05
3.151318464843766139e-05
3.149680281307843066e-05
3.149121540315832338e-05
3.147643884378147880e-05
3.147121187016873868e-05
3.146573851601741466e-05
3.146713912800620311e-05
3.146217930593431532e-05
3.145670784157938901e-05
3.143320688623907908e-05
3.142660975210306417e-05
3.140002441046334681e-05
3.139992080763930027e-05
3.139243918886018629e-05
3.139295372112847299e-05
3.136956975824219053e-05
3.133985719373024874e-05
3.134129110061133205e-05
3.132680887757484270e-05
3.131604260961150059e-05
3.130661711063520425e-05
3.128676446788360019e-05
3.127916624200082716e-05
3.124882938367605267e-05
3.123341607958660105e-05
3.120630986236239130e-05
3.120642314932611100e-05
3.119677664893735211e-05
3.120008797357821684e-05
3.118379622688761428e-05
3.114860654566211945e-05
3.112679513719970783e-05
3.111007534893801152e-05
3.093783092399304883e-05
3.093217316776811047e-05
3.092182487807303029e-05
3.091015232192875919e-05
3.090089396790083719e-05
3.089716372918153146e-05
3.089210406045315429e-05
3.088281691086954358e-05
3.087726666350344912e-05
3.087510581087680946e-05
3.085739330785302139e-05
3.084142090316745432e-05
3.082708053490126584e-05
3.080596585936750922e-05
3.080786857752359690e-05
3.077073832170012905e-05
3.076390975674306023e-05
3.076079569044219496e-05
3.076355553978268414e-05
3.074017751045793903e-05
3.073059602588133147e-05
3.072853177313870140e-05
3.073454258090182594e-05
3.071241674543094340e-05
3.071079864746732821e-05
3.070709601256992001e-05
3.071637139206493094e-05
3.070964628704957319e-05
3.071607350430123303e-05
3.071316827759226168e-05
3.070887925557595852e-05
3.070649776173421544e-05
3.070342440165258862e-05
3.071223182699073007e-05
3.069434603259202636e-05
3.068935047289757408e-05
3.068150444397418127e-05
3.068856669213095327e-05
3.067473159215490351e-05
3.068604423430680036e-05
3.067938689122064839e-05
3.066689007829866387e-05
3.066298306380171439e-05
3.065720058026385260e-05
3.064428038018509302e-05
3.063188536253912017e-05
3.058397419378800538e-05
3.056604151137402137e-05
3.056327498776018845e-05
3.053851815526042942e-05
3.053509886397940629e-05
3.049563446236000145e-05
3.047302829266145820e-05
3.045716447597880284e-05
3.044283477867394842e-05
3.043339310820458626e-05
3.039600388867128773e-05
3.040653018602299036e-05
3.040303826989103030e-05
3.038527040347885203e-05
3.038437921581927111e-05
3.037768635373341413e-05
3.035958949249690196e-05
3.035171832806473943e-05
3.035207133351294577e-05
3.035531331497323275e-05
3.034049591266503931e-05
3.033585354622452747e-05
3.033206669862791038e-05
3.032588719158925907e-05
3.033214156624673211e-05
3.033735230683687602e-05
3.034591132689325391e-05
3.032261462550662990e-05
3.032331216498604072e-05
3.031828038146420771e-05
3.026251188032113586e-05
3.026085146157940975e-05
3.025380569498483296e-05
3.026340374471113057e-05
3.024494654908689380e-05
3.023451323671019319e-05
3.025347385360031938e-05
3.023277288959360477e-05
3.024549710557422261e-05
3.022572539761935541e-05
3.022236912735624769e-05
3.024427141649489416e-05
3.021742361862682943e-05
3.020544077007163863e-05
3.020209318396387818e-05
3.020740376804616578e-05
3.017380218284476833e-05
3.016671985347290724e-05
3.016352093664060154e-05
3.016016976643053361e-05
3.016632172858827493e-05
3.015913636566945534e-05
3.003842800608662309e-05
3.003132413739050647e-05
3.003039441074444998e-05
2.995754979002997426e-05
2.996148926526098918e-05
2.995304559996468424e-05
2.997579930355998525e-05
2.994097396951843758e-05
2.990833376892940447e-05
2.988879054416682359e-05
2.990704363274269628e-05
2.987085249224347771e-05
2.986201258170570670e-05
2.986132834567972413e-05
2.987118107611612308e-05
2.984835659986951592e-05
2.986666834186119882e-05
2.983853199995897300e-05
2.984409186335504834e-05
2.984913863526436902e-05
2.983839109078344716e-05
2.984276594230068344e-05
2.984853105875328713e-05
2.983657404443555895e-05
2.983699297041149588e-05
2.984588232576297861e-05
2.980159383493201800e-05
2.983905848561367745e-05
2.983504866565956723e-05
2.983981446964126665e-05
2.983799407515833272e-05
2.983601953246693580e-05
2.982542542614439925e-05
2.983092684943721343e-05
2.980704562173352082e-05
2.982896158195734253e-05
2.982901507133107333e-05
2.983145315214071934e-05
2.983554037885175747e-05
2.980642539737275918e-05
2.980895860451584109e-05
2.981714791542015947e-05
2.979788835842237985e-05
2.981227487208242680e-05
2.978977499222284730e-05
2.981231827567439610e-05
2.979921647436485554e-05
2.982290698886708803e-05
2.983917373021135241e-05
2.982413929040702267e-05
2.982724452443712384e-05
2.982439513710713431e-05
2.987406400691578414e-05
2.988013340129094136e-05
2.985944543133432739e-05
2.988492362393925682e-05
2.987113569505256153e-05
2.984005574878515461e-05
2.985258106041690260e-05
2.987931165562764886e-05
2.985778271932782750e-05
2.983767956506375288e-05
2.982652411855021845e-05
2.978324402909024213e-05
2.980748611232938324e-05
2.978460403558831664e-05
2.976633341046149383e-05
2.979796543936599074e-05
2.989932651901414410e-05
2.992763019110596077e-05
2.991844762660436933e-05
2.997072145562379450e-05
3.006279563200806948e-05
3.010975383053922258e-05
3.008496293235410864e-05
3.002820363300618320e-05
2.982206001566621746e-05
2.979603402226750042e-05
2.975688386629922645e-05
2.978827401457754843e-05
2.983390060842253859e-05
2.979416903535586197e-05
2.980008396926768879e-05
2.995437990610122852e-05
2.997196828306913035e-05
2.997189891977990571e-05
2.996798733887274851e-05
3.000601022996221258e-05
2.995817671801631913e-05
2.993004188450928496e-05
2.992807102698133632e-05
2.998422130335109503e-05
2.995623378256349412e-05
2.991248503165816231e-05
2.996866758948564036e-05
2.970875266586072246e-05
2.970884451879797616e-05
2.965873309316774384e-05
2.959782946494142198e-05
2.970007619048059110e-05
2.960701442313090888e-05
2.958509530777100570e-05
2.959111646152366436e-05
2.965833499933885964e-05
2.962011181977376815e-05
2.950428149306763583e-05
2.946449558296172373e-05
2.946156284713168284e-05
2.948175835527521812e-05
2.950328353675760201e-05
2.952563122445796322e-05
2.970602076123038119e-05
2.969815388037733549e-05
2.958729936035725969e-05
2.947955962747169314e-05
2.955056417402828189e-05
2.958920154389585482e-05
2.945454145099200605e-05
2.952881446389866017e-05
2.952646558209762987e-05
2.945009814724466594e-05
2.947781204818991383e-05
2.949112066144755854e-05
2.958933763516656735e-05
2.959550981183584780e-05
2.954595378656286480e-05
2.940945952965669306e-05
2.948809757621794188e-05
2.926371904927468583e-05
2.927076467802281246e-05
2.931522713124459133e-05
2.876107315940103405e-05
2.896467923561884652e-05
2.890569413705754094e-05
2.895777337962610818e-05
2.907717986491749492e-05
2.912366081503277868e-05
2.902486270227139798e-05
2.913439851057806864e-05
2.912037400046781844e-05
2.918548838413977963e-05
2.918182975182496847e-05
2.926461149175983218e-05
2.917056367134481261e-05
2.916919236425897694e-05
2.915564942897126742e-05
2.921593238598185871e-05
2.930396688812874931e-05
2.921679493198001614e-05
2.942404454944405403e-05
2.899880906879052605e-05
2.897515278291432720e-05
2.932290079663678751e-05
2.973976779238835392e-05
2.995687282564113476e-05
2.987432083013964181e-05
2.998340560921179663e-05
2.995995851305751866e-05
3.030259256188679839e-05
3.047361783750191121e-05
2.991724986456005403e-05
3.021618090518841246e-05
3.074035377653721338e-05
3.160240942889305809e-05
3.235155038080041266e-05
3.374142570599205151e-05
3.352135228088757988e-05
3.453877317013727551e-05
3.602951805756997029e-05
3.694530913832300590e-05
3.819722476083346687e-05
3.705507570970082766e-05
3.816500352412401765e-05
4.024149224125189250e-05
4.444110672247661702e-05
4.495204505004893629e-05
4.851695008273872010e-05
5.393787233251881688e-05
5.500317237832322612e-05
6.296149579699464175e-05
6.663027866246407961e-05
7.098653432787566109e-05
8.304193740645952361e-05
1.031756396173334636e-04
1.222912322929298038e-04
1.556129107275119731e-04
1.746380063893118403e-04
1.915285626589008621e-04
2.480797664865577712e-04
