1.759374345306578130e-02
1.058314408212400748e+00
2.091184035978484790e+00
3.159296096469834225e+00
4.195131671544480412e+00
5.230792779130386982e+00
6.258428382234298759e+00
7.230408856430488029e+00
8.206925485333897541e+00
9.219382416917518697e+00
1.014826942139519339e+01
1.111815628572651704e+01
1.203535396845868455e+01
1.297226647741834249e+01
1.386207276441848357e+01
1.475048331150872727e+01
1.568826815791208773e+01
1.659482332383116088e+01
1.746421691464884773e+01
1.837338909289901778e+01
1.923528058170093757e+01
2.014898891465831809e+01
2.103914413663594019e+01
2.189580160077567683e+01
2.279101637992673091e+01
2.367105248755746416e+01
2.450939086537960776e+01
2.537791211875360986e+01
2.620089735756674187e+01
2.706505692372226335e+01
2.790862932620657233e+01
2.872638054035751765e+01
2.954151474217738382e+01
3.037496803031483594e+01
3.120161708639148301e+01
3.202774274000190502e+01
3.284462161670917624e+01
3.367476002256062628e+01
3.450018780621611825e+01
3.544198540486047477e+01
3.633248956181557787e+01
3.716507051250935945e+01
3.803237049346218157e+01
3.884192173564243689e+01
3.963332835899384321e+01
4.046015188255923789e+01
4.127022652720571472e+01
4.208361605413821849e+01
4.289002688152118026e+01
4.368701646451219744e+01
4.449203155198525650e+01
4.529041687488619772e+01
4.609054687267453687e+01
4.689085133795166627e+01
4.773267906554867324e+01
4.854205584024018805e+01
4.934148796807359361e+01
5.014092009590697074e+01
5.093285012172453463e+01
5.172041846032368539e+01
5.252159526304441783e+01
5.331003593908720006e+01
5.409777874517509133e+01
5.488778962861656652e+01
5.570362170039143734e+01
5.649398151881035801e+01
5.727910731256714172e+01
5.806964159847483842e+01
5.886628224648845276e+01
5.965576972746370643e+01
6.044229126113040707e+01
6.123526809188046371e+01
6.202423217038955983e+01
6.283238767265987690e+01
6.360983689691216370e+01
6.440769881734688340e+01
6.521864579943701301e+01
6.600691200799114711e+01
6.681210156295287561e+01
6.760909114594389280e+01
6.840730200135615746e+01
6.923709147223010518e+01
7.008188514713555151e+01
7.089946189379782027e+01
7.169121745212663654e+01
7.248873043758393919e+01
7.326827327170106230e+01
7.409213084795787552e+01
7.489749487040839426e+01
7.573513537827561493e+01
7.655428233233651270e+01
7.739768026733207762e+01
7.821176766421953630e+01
7.902323804877592295e+01
7.983662757570844803e+01
8.064565541542243921e+01
8.141403233026034059e+01
8.230488542219291048e+01
8.314793442221100861e+01
8.405396618566390998e+01
8.482862393009637003e+01
8.568929414647713827e+01
8.653618143124758433e+01
8.732601784720024796e+01
8.809858198176786459e+01
8.888266097059215554e+01
8.967563780134237561e+01
9.045866998523440827e+01
9.133539121057903287e+01
9.222886131484287375e+01
9.313140372852102189e+01
9.399189947741299989e+01
9.487664620723988662e+01
9.571358884515210264e+01
9.652139541244507370e+01
9.733652961426496120e+01
9.817451905710969129e+01
9.895318955378306214e+01
9.976971949551298735e+01
1.006766235964095699e+02
1.016358679439278490e+02
1.025127636367613775e+02
1.033034723901577649e+02
1.040812705493874688e+02
1.049306003790003103e+02
1.057722536391085981e+02
1.065612177176175805e+02
1.073597775080072267e+02
1.081361799273270776e+02
1.089036845047212125e+02
1.096921251807640942e+02
1.105245316639690429e+02
1.114249804677823050e+02
1.123514249274176535e+02
1.132841502166475749e+02
1.141833777480396321e+02
1.150414309520893283e+02
1.159781689935602884e+02
1.169006007009547119e+02
1.176893903119750462e+02
1.184708522884683504e+02
1.194234668714144334e+02
1.203724176370971151e+02
1.213384662166762098e+02
1.222010555754331307e+02
1.229933345362282608e+02
1.237665965407507684e+02
1.246284880295527131e+02
1.254237329376563252e+02
1.262571862257937880e+02
1.272040433816116547e+02
1.279870755655035595e+02
1.289182306473348376e+02
1.301784314129276652e+02
1.310623058053107286e+02
1.319988693792929269e+02
1.330324368770140211e+02
1.339723153332822392e+02
1.349121937895504573e+02
1.357784469655709074e+02
1.365742152761407908e+02
1.374055749544133675e+02
1.382292580631813905e+02
1.392047278871523588e+02
1.401643211696480193e+02
1.410160935441030858e+02
1.417809811091661913e+02
1.425647111630130723e+02
1.434567855273668613e+02
1.444603446170247878e+02
1.454478526977187869e+02
1.464522841248203520e+02
1.474591580967643267e+02
1.484560874218502136e+02
1.493841020888842763e+02
1.506057455394657723e+02
1.519222993039215055e+02
1.531259726031628929e+02
1.541691358127646083e+02
1.552601031142807813e+02
1.563601427252113183e+02
1.573748677341485234e+02
1.584138437240204951e+02
1.597155677519332357e+02
1.605807741230212287e+02
1.613723552138613115e+02
1.621930723753208099e+02
1.631577252149900517e+02
1.642335138449858789e+02
1.650819713371547834e+02
1.659572968225896261e+02
1.669327666465605660e+02
1.678785769974459754e+02
1.689756506610677889e+02
1.700723753897121640e+02
1.710150453258002869e+02
1.720165108055933274e+02
1.730713633369404931e+02
1.741206329086482469e+02
1.752129959500740028e+02
1.762880867101149249e+02
1.773680625598406664e+02
1.785010765261429810e+02
1.795292355317131126e+02
1.805703051314499703e+02
1.816736596246666124e+02
1.827841672849215229e+02
1.838955472826199866e+02
1.850297825213436056e+02
1.860931839596388500e+02
1.871096536434635027e+02
1.882027145548447322e+02
1.893273540816872469e+02
1.905479507273363708e+02
1.918590959996410561e+02
1.931541902629818424e+02
1.943847315554893385e+02
1.956344642717577642e+02
1.968826267806275325e+02
1.981170063578869929e+02
1.993719730988177332e+02
2.006714290493772808e+02
2.018867916703639196e+02
2.031489115783331272e+02
2.043972485546916289e+02
2.055665517586514284e+02
2.064928217507981856e+02
2.073458153976743290e+02
2.083760680131090623e+02
2.095800902473282008e+02
2.108901887147003436e+02
2.122067424791559915e+02
2.134418199263703571e+02
2.144980681976274184e+02
2.156712096863397790e+02
2.168628447288579650e+02
2.180806498946873546e+02
2.193417229977237355e+02
2.205741834326071853e+02
2.214840534808124346e+02
2.222934302555037505e+02
2.231108325346772290e+02
2.240681577398193838e+02
2.252273418294323903e+02
2.264407853080432460e+02
2.274204423517439295e+02
2.285447329436090911e+02
2.296719894827830331e+02
2.308945052708080539e+02
2.319488343996890762e+02
2.329429722449552003e+02
2.341251860430817260e+02
2.353614847627168558e+02
2.365348007189179214e+02
2.376351892648258683e+02
2.384344469251703629e+02
2.392558619565848801e+02
2.401618937200376251e+02
2.410304149734117516e+02
2.419252808175851897e+02
2.430532352267138947e+02
2.443683932512597892e+02
2.456680236693077859e+02
2.469786455391462994e+02
2.482979907834214828e+02
2.496107062631243991e+02
2.509215026004511913e+02
2.522272393806046864e+02
2.535371633804879536e+02
2.548486575877697362e+02
2.561018796538129436e+02
2.571827278409822384e+02
2.583952989821494270e+02
2.596635252522243036e+02
2.609010452442813062e+02
2.622010245973067413e+02
2.634507573135751954e+02
2.647102602092130610e+02
2.658987548369345291e+02
2.671872193357031620e+02
2.684367775844831385e+02
2.696770890563596481e+02
2.709918981459280189e+02
2.723070561704735724e+02
2.736134908205822853e+02
2.748845085704770099e+02
2.761413944537837892e+02
2.774145058135437125e+02
2.786870937708369524e+02
2.798893713301686148e+02
2.811059552235768138e+02
2.823321348288656054e+02
2.835628505888618065e+02
2.848042088656707733e+02
2.858189338746080352e+02
2.870880324821267209e+02
2.883909777824607659e+02
2.893971538844498923e+02
2.903841385626777196e+02
2.914801654213673032e+02
2.925051840121398641e+02
2.937350274346920855e+02
2.948251223987645631e+02
2.958621792462604390e+02
2.968988871587786207e+02
2.981555985745966950e+02
2.994567992000431218e+02
3.007356679869312757e+02
3.020084304117132774e+02
3.032311206672276285e+02
3.044311301492055577e+02
3.057007521591904151e+02
3.069665358844230241e+02
3.082471493461984551e+02
3.095391031947419265e+02
3.108301847058416456e+02
3.121334789411530437e+02
3.134292710744488204e+02
3.147248887402557216e+02
3.159658980820875058e+02
3.171767245483672468e+02
3.184179083576877929e+02
3.196688623463775798e+02
3.209329013967227411e+02
3.221871702676984910e+02
3.233952052541585545e+02
3.246149295623642956e+02
3.258020284501753281e+02
3.269036382685046078e+02
3.279893715453586651e+02
3.292654488524270278e+02
3.305064581942586983e+02
3.317193782704032969e+02
3.327089799609622105e+02
3.335965181706086469e+02
3.345569837905480881e+02
3.355565301279650043e+02
3.366871015494248240e+02
3.377348009137339773e+02
3.388147767634594629e+02
3.399374971479261944e+02
3.410788855536878827e+02
3.423788649067133747e+02
3.436777974548064094e+02
3.449687044984174236e+02
3.462690327864206665e+02
3.475686632044686348e+02
3.488325277873253754e+02
3.501014519273544465e+02
3.513646186402559692e+02
3.526576192937321821e+02
3.539340455357773294e+02
3.552319312789384753e+02
3.565263276723242143e+02
3.578191538583115516e+02
3.590824950387009835e+02
3.602730832762874797e+02
3.615083351909907492e+02
3.626903745216283710e+02
3.639198690092028414e+02
3.651976909911584244e+02
3.664861554899276257e+02
3.677531604875800895e+02
3.689639869538604557e+02
3.701943537788789627e+02
3.714472269099450159e+02
3.727224318795688873e+02
3.740056623536760867e+02
3.749858427998429420e+02
3.759634062336787679e+02
3.770241906596432955e+02
3.780198987123072811e+02
3.788559690127755744e+02
3.798958173400913552e+02
3.809749208523732023e+02
3.819200333333039339e+02
3.829862262514183726e+02
3.840286915910657513e+02
3.850430676650252622e+02
3.859716057345255535e+02
3.872368660572919339e+02
3.884935774731100651e+02
3.897035316019460538e+02
3.908737071433499750e+02
3.920302742206320090e+02
3.932634325254702503e+02
3.945255524334390884e+02
3.957695277225798804e+02
3.966150192674401183e+02
3.975896167539676185e+02
3.985692737976687567e+02
3.996618113065827060e+02
4.007307957045182434e+02
4.019170222548857510e+02
4.030542234409176103e+02
4.040654591000803748e+02
4.053403151347266657e+02
4.066008648352969317e+02
4.078202402085253766e+02
4.090167603407282968e+02
4.101619870312424041e+02
4.112246905995827433e+02
4.123681726152091187e+02
4.134350634032794574e+02
4.143691844324195586e+02
4.153472712687216131e+02
4.164841235197765741e+02
4.177697965387253589e+02
4.190045250509623429e+02
4.201368411473090418e+02
4.213658122324181932e+02
4.226120555989120930e+02
4.238459117737055522e+02
4.250921551401995657e+02
4.263216496277748320e+02
4.274988038687270659e+02
4.285552266074732302e+02
4.298058316611858345e+02
4.310454452631076947e+02
4.320744766061217206e+02
4.332441287450586174e+02
4.342846749423292749e+02
4.352489788470209646e+02
4.362856867595396579e+02
4.373098330128686939e+02
4.384576767157138306e+02
4.397175285463294472e+02
4.409553974733640302e+02
4.421852408959160812e+02
4.434035694642119552e+02
4.445266387836560966e+02
4.455120532544856928e+02
4.467042116994705907e+02
4.478722936310090290e+02
4.488582315043042286e+02
4.500285815131966842e+02
4.512661015052537437e+02
4.524638429098785650e+02
4.536594907046384151e+02
4.547274282976402446e+02
4.556905109299115111e+02
4.566556871720468962e+02
4.577857351910404873e+02
4.589159576775228402e+02
4.598708403378224716e+02
4.609141780149132614e+02
4.621023237076570922e+02
4.633386224272925347e+02
4.645419467915565406e+02
4.657068883082981756e+02
4.666879410919087263e+02
4.676124664091682916e+02
4.687339655212140883e+02
4.698518008159959436e+02
4.709874317946296287e+02
4.720384460412242902e+02
4.731308090826506714e+02
4.743177335029732262e+02
4.754085263370004668e+02
4.764073748044624494e+02
4.774072700768569462e+02
4.785865179276755157e+02
4.797713487381334403e+02
4.809514689263957052e+02
4.821186785204905050e+02
4.832037139273891739e+02
4.842109368343107008e+02
4.853191764172117928e+02
4.863073823678611234e+02
4.873903241648956737e+02
4.885294444933037994e+02
4.895865651020047267e+02
4.906794515458970523e+02
4.918101974348456906e+02
4.929543773204276818e+02
4.939968426600750604e+02
4.950049379044394868e+02
4.961117817474307685e+02
4.972781190040821571e+02
4.984563200499682125e+02
4.995947425084220299e+02
5.006693098659968086e+02
5.016906646395061671e+02
5.027380150688372851e+02
5.038366589398578981e+02
5.049375708882319032e+02
5.060048106112798791e+02
5.071687053230892275e+02
5.082752002311032697e+02
5.092754444384756880e+02
5.103794968016469511e+02
5.114676726233433328e+02
5.125197336748705084e+02
5.136056414192132706e+02
5.147217320391077919e+02
5.157547761343630555e+02
5.168127690805069960e+02
5.178725067015383274e+02
5.189727207799571715e+02
5.200310626610787494e+02
5.210655299691537721e+02
