7.110002289299711606e-04
4.438998165014506388e-04
3.399061640615872403e-04
2.727330799304547170e-04
2.231483603907671138e-04
1.894385898585411595e-04
1.637587239950079473e-04
1.420579516069175451e-04
1.258625281882402110e-04
1.129095635978574156e-04
1.025210704529349118e-04
9.346731956881978922e-05
8.605705766564499763e-05
8.020009126860832367e-05
7.557287671718259021e-05
7.076080437731590124e-05
6.651808014874139240e-05
6.312068164033862066e-05
6.047215110399673958e-05
5.796073079245167993e-05
5.558120821601368047e-05
5.326223319707729575e-05
5.141093496907353462e-05
4.965663509647913026e-05
4.816387084484699852e-05
4.609364062917870719e-05
4.492180729960167231e-05
4.374003559736743181e-05
4.281535724644417411e-05
4.183585104525340233e-05
4.106950605549053120e-05
4.029487179004816882e-05
3.948781398312237038e-05
3.881084589652561862e-05
3.828124283761031243e-05
3.768151531039334244e-05
3.727395072841511650e-05
3.689418720597033297e-05
3.623643488413691774e-05
3.561847207056417487e-05
3.484911789833670080e-05
3.452860498114314965e-05
3.393638954919853026e-05
3.366184361677893402e-05
3.339683786985889245e-05
3.305911198219439452e-05
3.286932754947696214e-05
3.259146061574231211e-05
3.242112732246929280e-05
3.217278272608423395e-05
3.201171054221087984e-05
3.191571230450828648e-05
3.182193562358246765e-05
3.175042246040753028e-05
3.058313910743902308e-05
3.045650380885078272e-05
3.037348471033616751e-05
3.029262381871967994e-05
3.025228982517245491e-05
3.021038667451241363e-05
3.013854453085956978e-05
3.011188374526873080e-05
3.009676040748910609e-05
3.004795154867008112e-05
2.997110064838326874e-05
2.993793510895365406e-05
2.991180970803075970e-05
2.984197704542927075e-05
2.983175480249832529e-05
2.974934168248609626e-05
2.971408653950737211e-05
2.967508156548579013e-05
2.965128209018967547e-05
2.961514667615588447e-05
2.957680475966213444e-05
2.954908801082373789e-05
2.952578869903984364e-05
2.936241244462692816e-05
2.927999445962820659e-05
2.926788629934009826e-05
2.924485099148966120e-05
2.916808316904201254e-05
2.903830325043018772e-05
2.900839860552208811e-05
2.900157979692392094e-05
2.898400333342261432e-05
2.897772536497562491e-05
2.896021946068067738e-05
2.894579414946521143e-05
2.892565111376234140e-05
2.887755136769098042e-05
2.881607299693349298e-05
2.881060160898684064e-05
2.880660282946356803e-05
2.878469551985302934e-05
2.877749090777417744e-05
2.877399733588871067e-05
2.872910870244784279e-05
2.872033400896872006e-05
2.857683544056409552e-05
2.856356521947321585e-05
2.855521091404759668e-05
2.855151931199549029e-05
2.854808686845444133e-05
2.854435619872440244e-05
2.854526681591753034e-05
2.854405507972552629e-05
2.853797135317094388e-05
2.851940363411936590e-05
2.851662445979279040e-05
2.845205074292719882e-05
2.844746242532014661e-05
2.844423798626878120e-05
2.844143817095684515e-05
2.844087231012835474e-05
2.843819578743723837e-05
2.843805004202480232e-05
2.842171008436987544e-05
2.841596308751363396e-05
2.822875917304620296e-05
2.779072961182853428e-05
2.775220946365742562e-05
2.774589723417238528e-05
2.773984797216770987e-05
2.773301717453945675e-05
2.772302278026726811e-05
2.771794257309654179e-05
2.770930225731869700e-05
2.770789807761521526e-05
2.769839188685606677e-05
2.769448544665636971e-05
2.768669870323351727e-05
2.767945755029489052e-05
2.767458457794715179e-05
2.766398603446841993e-05
2.765430048611433668e-05
2.762503826654933676e-05
2.759324440718520310e-05
2.757560329862580466e-05
2.757207566154542183e-05
2.756784771714047101e-05
2.755361390693469934e-05
2.753891051935208748e-05
2.753284146624402460e-05
2.753242964539068282e-05
2.753094964017234811e-05
2.751832168743218503e-05
2.751428736853660137e-05
2.751733626984907780e-05
2.750567947872512142e-05
2.751062007997286495e-05
2.749370184804128249e-05
2.739544189129549160e-05
2.733485611488079616e-05
2.731511620285738000e-05
2.727933403446479945e-05
2.727597636930681436e-05
2.726562726212345198e-05
2.725908491681490705e-05
2.724909450566177286e-05
2.724582845306636235e-05
2.723569865838390241e-05
2.722740932339128816e-05
2.717483993458745935e-05
2.715638680983192236e-05
2.713530361910525713e-05
2.711790620948349910e-05
2.711436002874363925e-05
2.711116808769809967e-05
2.708671709483693522e-05
2.708533697092770581e-05
2.707725067464092478e-05
2.706187008115989550e-05
2.706495517620513623e-05
2.705696068460866643e-05
2.705501769263873014e-05
2.702031458781904355e-05
2.700930139867343619e-05
2.699864026733388324e-05
2.696234471167759529e-05
2.690367938576735307e-05
2.689915216630713691e-05
2.690404682284832473e-05
2.687357089443587316e-05
2.686332726651027844e-05
2.685557996108149859e-05
2.684628060096726999e-05
2.684887205370320323e-05
2.683497260443585677e-05
2.683103391401260411e-05
2.681040032169518852e-05
2.679036455186802838e-05
2.666010202560518044e-05
2.657745543380493337e-05
2.654962875829644482e-05
2.652297524732414224e-05
2.646547617628146492e-05
2.643893146833065587e-05
2.643967725653354094e-05
2.642657524599239507e-05
2.643672392886368567e-05
2.642381196679297674e-05
2.641775930529069219e-05
2.640850617851993830e-05
2.639678467535196997e-05
2.639885005021873235e-05
2.638906180795839019e-05
2.639294718376811904e-05
2.639145108330625850e-05
2.638972766103124727e-05
2.638160511534930113e-05
2.637965093384533785e-05
2.638318447872411057e-05
2.636809415106816632e-05
2.635187903982291193e-05
2.635871663990682124e-05
2.634262021740599386e-05
2.633316932409343942e-05
2.632410167030521859e-05
2.630601765072396295e-05
2.629896654913010490e-05
2.626993307278719552e-05
2.626350443649246049e-05
2.625590127660756701e-05
2.625151542249538761e-05
2.625286622165283964e-05
2.623460324580283493e-05
2.622766876052510856e-05
2.623223582383755147e-05
2.620965629623338535e-05
2.619375014575519312e-05
2.619081967021903977e-05
2.598888340907101245e-05
2.599765803054897024e-05
2.600825318169207163e-05
2.600693518140980090e-05
2.599302171974738259e-05
2.600421557022253454e-05
2.599201053211058524e-05
2.597746627482552185e-05
2.596434140564566771e-05
2.598418912682753500e-05
2.598720666936764483e-05
2.598862054710572811e-05
2.597053997708619774e-05
2.596824680129814085e-05
2.596108645621966309e-05
2.595787441098226285e-05
2.595473268033829124e-05
2.597735934368412743e-05
2.593373133466105748e-05
2.587875830032994328e-05
2.545379666388225469e-05
2.545791001779000226e-05
2.545329834904880322e-05
2.545495567361550057e-05
2.543258046857128742e-05
2.539801758907305737e-05
2.542352130644803191e-05
2.542250595774856581e-05
2.541520120227116925e-05
2.543709632451075637e-05
2.539830039679356373e-05
2.539077885146818529e-05
2.537251328449491127e-05
2.533233100646865458e-05
2.525736663244611857e-05
2.526224499170542977e-05
2.519363627958907294e-05
2.516070158690079494e-05
2.516003951590363081e-05
2.516554248169911232e-05
2.518009912587165769e-05
2.517872723230486464e-05
2.515358171394725312e-05
2.516229297841458725e-05
2.516778222586788186e-05
2.515147596665048566e-05
2.513224035009375951e-05
2.513663183557929726e-05
2.513928145050729678e-05
2.509816234002827383e-05
2.509035840183089668e-05
2.509098062008743624e-05
2.509839908529837676e-05
2.509934154556393740e-05
2.505488649251405090e-05
2.505613196891957924e-05
2.502493922318784690e-05
2.502225727570623769e-05
2.497831990824040828e-05
2.498952291093641152e-05
2.499364277733279706e-05
2.498625811502211747e-05
2.499692653767043540e-05
2.493081992155372743e-05
2.488095668215744614e-05
2.484175825176039606e-05
2.481176190748208898e-05
2.482030871812791791e-05
2.480402403980701200e-05
2.481251818098516656e-05
2.484338323465918897e-05
2.465496091966028384e-05
2.460046552571455315e-05
2.462310856741351729e-05
2.463278580063024760e-05
2.462292956740546744e-05
2.458724676604532501e-05
2.456468363137856111e-05
2.436992335990118371e-05
2.438655380732137557e-05
2.439710211809658209e-05
2.435384345064025563e-05
2.435482341821344995e-05
2.436031227684022068e-05
2.432947587416109815e-05
2.432500061914476879e-05
2.430634833189678490e-05
2.429391076664222114e-05
2.428149613389036609e-05
2.429777615473447181e-05
2.427938870378102134e-05
2.429814965972611662e-05
2.434497183661457297e-05
2.433908591658373846e-05
2.445077724213422083e-05
2.445154797034575860e-05
2.447826322070416973e-05
2.443208500799498310e-05
2.450236846942221384e-05
2.454567141244505351e-05
2.454623226770667364e-05
2.453461804317029769e-05
2.452803559536861528e-05
2.452944485577353750e-05
2.450750201791341280e-05
2.452019836151634257e-05
2.444943456166467392e-05
2.443565953071934362e-05
2.446923194496493243e-05
2.445457913871246732e-05
2.450570024494989863e-05
2.451527796399677179e-05
2.446551640406033882e-05
2.446659047009015992e-05
2.449855342894810049e-05
2.443121988923165039e-05
2.443871423070997418e-05
2.445420389205387864e-05
2.446466638543424169e-05
2.442044935494727093e-05
2.440568378711043077e-05
2.445397446659060845e-05
2.450063831138809975e-05
2.447770802182858420e-05
2.448291484834467328e-05
2.455272338993995799e-05
2.456629027257567496e-05
2.447857855185084496e-05
2.439712116952963083e-05
2.430582837452558912e-05
2.447791577103109926e-05
2.449046733145233227e-05
2.455221906360099398e-05
2.450827474862361522e-05
2.451954731571594554e-05
2.447273532390133605e-05
2.434193417005412361e-05
2.425112210201429931e-05
2.422204648802220539e-05
2.421812654540778315e-05
2.417455374471464221e-05
2.416979353001574661e-05
2.416959887202622747e-05
2.410344115458905499e-05
2.424360202143913733e-05
2.434461345003576693e-05
2.430708967717122633e-05
2.437068693048316718e-05
2.437869047116474018e-05
2.440867572186782432e-05
2.438474435998061782e-05
2.437660433071715731e-05
2.450233566001791834e-05
2.427800372004575613e-05
2.415910102276035455e-05
2.409709980378473991e-05
2.411698979850048310e-05
2.457665982442429876e-05
2.424740344981287152e-05
2.433610729070651336e-05
2.435599455916001352e-05
2.420565747142246505e-05
2.425065081739816600e-05
2.438722440292756741e-05
2.442846346656110958e-05
2.435500021438990694e-05
2.424320006393303913e-05
2.425735167733499050e-05
2.444095073013032032e-05
2.424275411543973366e-05
2.457509897724648106e-05
2.465575915719753092e-05
2.472411418398928583e-05
2.459777247637704220e-05
2.479151536831716851e-05
2.475911221117569260e-05
2.495310735845063742e-05
2.499267889567288785e-05
2.533639703384041840e-05
2.521840211403588081e-05
2.516595855985612101e-05
2.523664075324464582e-05
2.512585220405952536e-05
2.521752038926991014e-05
2.488602229650660260e-05
2.482024721227208956e-05
2.495889426645821790e-05
2.513878327531255958e-05
2.519077146261535196e-05
2.512259595823257638e-05
2.522112674537492532e-05
2.523593750610411853e-05
2.526299265922826346e-05
2.539700498767000358e-05
2.549202644057941398e-05
2.547627331364880733e-05
2.535940255450578072e-05
2.539444633018596994e-05
2.460844485181747055e-05
2.550052447187713182e-05
2.523543203030982366e-05
2.562719211950018983e-05
2.637952048832791632e-05
2.730345061836572743e-05
2.769616740040207675e-05
2.805180284317386190e-05
2.805566448316221080e-05
2.844556236958193217e-05
2.822587913697341953e-05
2.872149524163542230e-05
2.911963918555974986e-05
2.893037623999634444e-05
2.965235477897708736e-05
2.975622915458647831e-05
3.069034217657516629e-05
3.159914866303396391e-05
3.231297094117890266e-05
3.276562567324203926e-05
3.354346785765600556e-05
3.504642716135515261e-05
3.732682612922947989e-05
3.893218205420494220e-05
3.947838769186361532e-05
4.011337483671896254e-05
4.030241849098056568e-05
3.957020709319337889e-05
4.098093706916164331e-05
4.308105287518311684e-05
4.358410303115481697e-05
4.541429210378070743e-05
4.744120305970581824e-05
5.011948082963248370e-05
5.431194125654884068e-05
5.843901024243495265e-05
6.565686519612934976e-05
6.844409558656859192e-05
7.926525416393335631e-05
8.193184077325444282e-05
8.468269839606184818e-05
8.996029954440547380e-05
9.619332174243535260e-05
1.016068817684271438e-04
1.112782045547730639e-04
1.188948975425048812e-04
1.203909653116136608e-04
1.343449627069388526e-04
1.530514712668707648e-04
1.633516287052430062e-04
1.793648672637740871e-04
1.922971063106968101e-04
2.254639684134664081e-04
2.467964363350493907e-04
2.737484594107086216e-04
3.026725276244454144e-04
3.679660562327241591e-04
3.749361192844651480e-04
4.159221208392587313e-04
4.346868707006755592e-04
5.200322114140698690e-04
5.506267832763590527e-04
6.432492662731759602e-04
7.322854265813271736e-04
8.726442583175011806e-04
1.054285059094606019e-03
1.226526910768725113e-03
1.400792908662975471e-03
1.555760159117422145e-03
1.680186747609952206e-03
1.883718859257672113e-03
