1.762925963734864043e-02
3.366775455576670684e+00
6.784551179717214886e+00
1.032022448093657374e+01
1.386194824448961604e+01
1.705827705296811914e+01
2.024578947358833148e+01
2.325887571325281655e+01
2.589873487188333101e+01
2.844679987637056584e+01
3.061748891098794090e+01
3.282551794070133866e+01
3.520918324393353771e+01
3.798906738455971066e+01
4.090742067384216085e+01
4.343681568076451782e+01
4.617763112303070017e+01
4.927749827727986087e+01
5.213551981524347667e+01
5.467960880164352488e+01
5.726743398590608791e+01
6.000859516822823281e+01
6.288684253713014272e+01
6.515606767039434999e+01
6.738034651330207225e+01
6.986911698849040420e+01
7.237863190497628807e+01
7.500293273261704030e+01
7.861985509723429288e+01
8.140475247783038526e+01
8.374589167624309027e+01
8.693392270794208798e+01
9.052456877969919447e+01
9.442361555203986256e+01
9.848706202491520401e+01
1.026023696024047922e+02
1.066673719084475778e+02
1.105968438620726175e+02
1.140526510628272661e+02
1.169449009294142741e+02
1.210244243451470822e+02
1.247039257755988473e+02
1.284345968290073188e+02
1.323536965616741270e+02
1.362453099086783368e+02
1.401528273277556309e+02
1.435578106456752039e+02
1.460605836187898490e+02
1.483375879176533658e+02
1.506389669355019123e+02
1.530115685369459015e+02
1.567641941246271529e+02
1.603600263072066809e+02
1.630954827682791120e+02
1.658414843206459750e+02
1.685212765302137541e+02
1.714939111084827630e+02
1.742010168327584552e+02
1.773423728705954545e+02
1.803424938342527639e+02
1.835644074542804560e+02
1.867074921956919127e+02
1.894970570757236317e+02
1.920938715180084841e+02
1.952876072712647613e+02
1.982235933360587978e+02
2.005009433756287365e+02
2.031231697589554699e+02
2.069464993189812105e+02
2.104081841114242195e+02
2.132622296314030166e+02
2.161605299604269135e+02
2.193926429307999797e+02
2.219087269211792091e+02
2.247855913268722929e+02
2.282982728719366605e+02
2.314823278857201387e+02
2.344594570933586226e+02
2.371793552233393143e+02
2.403644474591093285e+02
2.439136046477949264e+02
2.464412709512135393e+02
2.487663332067689623e+02
2.515894349343513170e+02
2.550761859270233458e+02
2.585923248791316951e+02
2.627273396761061690e+02
2.665562010872532142e+02
2.701248926249096485e+02
2.743247338028811555e+02
2.785065964645306735e+02
2.825766120110227462e+02
2.863126420456245000e+02
2.902507575166682727e+02
2.934315279941906169e+02
2.959097533780842468e+02
2.990777314495276755e+02
3.024464119945418474e+02
3.049192783977561021e+02
3.079311545449613163e+02
3.104498315902874879e+02
3.131441449086485704e+02
3.160073525567809156e+02
3.183695819372307483e+02
3.222686287095371540e+02
3.263146152771357151e+02
3.304190320226930453e+02
3.345025314561714254e+02
3.384563781284057882e+02
3.412518206002617376e+02
3.453000544828893794e+02
3.493545116977409748e+02
3.528535364852107818e+02
3.560044003918082467e+02
3.594863110147118164e+02
3.633960757489934963e+02
3.677088012641079899e+02
3.715342052684471810e+02
3.750608893120523248e+02
3.786738356591659453e+02
3.829919201549586205e+02
3.868617518386120082e+02
3.902871338581854843e+02
3.938817559481345825e+02
3.970384974471434134e+02
4.000922082184702617e+02
4.029040733731346791e+02
4.062646290119139962e+02
4.091193660130012404e+02
4.127428574506553787e+02
4.157936294262634078e+02
4.186374755955510523e+02
4.216830614606759013e+02
4.247258814003816383e+02
4.285656336434924469e+02
4.325758360496432715e+02
4.355939355294156030e+02
4.388504232192886434e+02
4.420014599964653712e+02
4.450045197561234431e+02
4.475598453154699996e+02
4.499877654282237245e+02
4.523358194401367314e+02
4.558523041326432690e+02
4.602751480597881937e+02
4.640288108697646408e+02
4.672358576399025765e+02
4.706878616925927190e+02
4.745307256019008832e+02
4.786316849405484390e+02
4.826920197473898497e+02
4.854126093588851063e+02
4.882021742390836607e+02
4.917390576327903204e+02
4.959013859449796087e+02
4.995864192265135557e+02
5.030188889301008430e+02
5.068560481182695412e+02
5.110354905950001694e+02
5.147117074893218387e+02
5.188244220115151393e+02
5.226109301875513893e+02
5.267487109103510647e+02
5.304804191858114564e+02
5.343359026304957524e+02
5.382100560723337139e+02
5.417656094635106001e+02
5.457573147423589717e+02
5.497491928914406571e+02
5.532207312937551933e+02
5.572527153638352502e+02
5.615720099519804762e+02
5.655339815311651819e+02
5.689922089167649801e+02
5.723890673285790172e+02
5.762153356842871972e+02
5.794011194017469961e+02
5.818480552527157670e+02
5.844379548814033569e+02
5.871277735708430328e+02
5.900990251865570144e+02
5.937392850480750894e+02
5.979156158584720515e+02
6.021583288823477460e+02
6.057494935654243591e+02
6.083606562468957009e+02
6.113319078625100929e+02
6.139850780384065274e+02
6.175573998531293682e+02
6.209606544680540310e+02
6.244923517513167326e+02
6.277066590759125120e+02
6.310112047223406080e+02
6.343046866663634091e+02
6.369727236917044593e+02
6.401975761076330400e+02
6.444527357964715293e+02
6.485334693047341261e+02
6.517185615406707484e+02
6.555972096118690615e+02
6.596392201617890123e+02
6.635795829470356466e+02
6.662749334876551757e+02
6.697466447603467259e+02
6.733087672245227395e+02
6.775824240402102987e+02
6.813990116567952100e+02
6.846058855565725025e+02
6.877750737205817586e+02
6.917982414029817164e+02
6.954442059860917880e+02
6.984754436124536596e+02
7.018849215600238267e+02
7.060757734794218550e+02
7.105331914757563254e+02
7.150414333542394161e+02
7.192595987889295657e+02
7.237021499358274923e+02
7.280757258129249294e+02
7.321201565479069586e+02
7.356196999463207931e+02
7.389358279058561720e+02
7.426931209929375655e+02
7.461276651408027192e+02
7.495943631736272437e+02
7.529317541860522169e+02
7.566878371805004235e+02
7.603958622189793459e+02
7.636233076900614378e+02
7.665492672743711182e+02
7.700401671557116288e+02
7.739369666135378338e+02
7.771291465336950068e+02
7.810982057968277559e+02
7.846456342815957896e+02
7.880424926933485494e+02
7.911224797575727052e+02
7.937065017943266412e+02
7.970914321521977399e+02
8.008587517192919449e+02
8.047595271949337530e+02
8.086359279514872469e+02
8.121454978301202345e+02
8.145480060019826851e+02
8.175650682600509072e+02
8.214684367911191885e+02
8.251218347993216184e+02
8.291156145220446660e+02
8.323828201731372474e+02
8.353333273468285824e+02
8.387405579799836914e+02
8.418286699507867752e+02
8.452187864194763733e+02
8.483489058847748083e+02
8.522365432138988126e+02
8.560671333286491063e+02
8.601793292400425344e+02
8.633429855524805134e+02
8.662895167082217540e+02
8.702036032011579891e+02
8.738416157486393558e+02
8.776099725382676979e+02
8.817266630788624298e+02
8.856433426268522453e+02
8.899635015670605753e+02
8.938267641774062895e+02
8.977619408526931011e+02
9.018182996414553827e+02
9.056411105904737724e+02
9.093570876644447480e+02
9.132507754557320823e+02
9.163402703892702448e+02
9.190204083394423833e+02
9.227984458684659330e+02
9.263221911154840882e+02
9.301486323415023207e+02
9.341807892816842696e+02
9.383313624099619119e+02
9.424262712864306195e+02
9.464949038698001686e+02
9.502264392753871789e+02
9.545177288672816758e+02
9.578953986706304704e+02
9.622993997295302506e+02
9.652913957869852766e+02
9.679812144765616040e+02
9.708343956449651841e+02
9.735484161830996754e+02
9.774711461926829088e+02
9.809141609873693142e+02
9.837856664124020654e+02
9.867261471059241558e+02
9.900784049680333965e+02
9.935653288311848428e+02
9.969201797485885663e+02
1.000330522047717409e+03
1.003680359725016615e+03
1.006429300073116679e+03
1.009141246167371150e+03
1.012653927712300288e+03
1.016887305737411452e+03
1.020945911841101633e+03
1.024074129732493020e+03
1.027631584697694962e+03
1.031739977461452327e+03
1.035196649013458227e+03
1.038090627583283776e+03
1.040664277399250750e+03
1.043217701384381598e+03
1.046771526071745939e+03
1.050563738969072574e+03
1.053792740273281197e+03
1.057369729587719576e+03
1.060272524545154965e+03
1.063448108911889904e+03
1.066702349286939580e+03
1.070241998606657944e+03
1.074645481054311631e+03
1.079112061179185503e+03
1.083009033507659979e+03
1.086471409781313469e+03
1.089825396346887828e+03
1.093260804846093833e+03
1.097325288541267128e+03
1.101151384026964934e+03
1.105209471519379576e+03
1.109131682918363822e+03
1.113073255796256944e+03
1.116954151182024361e+03
1.120790273147745211e+03
1.124707125565819297e+03
1.127463326469002368e+03
1.131301004267818598e+03
1.135025624858882338e+03
1.138587574453160641e+03
1.141737919749308276e+03
1.145346717207769416e+03
1.148922842170638887e+03
1.153239543704086600e+03
1.157245942962633990e+03
1.160653173595424960e+03
1.163963596833690644e+03
1.166968039555708629e+03
1.169881552475151693e+03
1.172656596246040863e+03
1.176010409941346779e+03
1.178978031279712695e+03
1.182076169730594756e+03
1.184652585472086457e+03
1.188421288002282836e+03
1.192294404222300955e+03
1.196266402281262799e+03
1.200067085825568483e+03
1.203158655203108538e+03
1.205958073693019742e+03
1.209134176670458373e+03
1.213587100037394293e+03
1.218031725627655760e+03
1.222440912797003421e+03
1.226802560620698841e+03
1.231200856957599626e+03
1.235602437831070347e+03
1.239860190575685920e+03
1.243289202872434544e+03
1.247453778499112559e+03
1.251361814529409685e+03
1.255228707417168152e+03
1.258886427183919523e+03
1.262773718772496977e+03
1.266201175236063364e+03
1.270035741368859135e+03
1.273731319741848893e+03
1.277131981302059557e+03
1.280644835717486330e+03
1.284224418086861078e+03
1.287706847320934230e+03
1.291248571084434161e+03
1.294900586129850808e+03
1.298514569698789956e+03
1.301501898256720324e+03
1.304410570806234546e+03
1.307813479680643923e+03
1.311216042814139655e+03
1.315036952189394469e+03
1.318199225539266081e+03
1.322111583328419101e+03
1.326000949361347466e+03
1.329438605175502744e+03
1.332324631709649566e+03
1.335740851600266751e+03
1.339540670792673609e+03
1.343685712069962392e+03
1.347587870508527658e+03
1.351285869066370651e+03
1.355246803422718358e+03
1.358538210922391045e+03
1.362305530489722059e+03
1.365649663445999067e+03
1.369273846365205600e+03
1.372301107973337594e+03
1.375224301632149036e+03
1.378301177030584995e+03
1.382370155354922872e+03
1.386134190385617330e+03
1.390191413526338920e+03
1.393610053602158359e+03
1.396896102121216472e+03
1.400527545595180754e+03
1.404543279852449814e+03
1.408883146011797407e+03
1.412466704399404534e+03
1.416698699461616798e+03
1.420301446457938710e+03
1.424422458757158893e+03
1.427785434580785250e+03
1.431810158095974657e+03
1.434972085705076552e+03
1.438288732275412713e+03
1.441099041597211681e+03
1.443837263984212086e+03
1.447563959019910726e+03
1.450579984055381601e+03
1.453707164724490895e+03
1.456815329655710457e+03
1.460110540303084463e+03
1.463803525620852724e+03
1.468100865674768102e+03
1.472498124790160546e+03
1.476838336690356755e+03
1.480835228079272156e+03
1.484744992812824648e+03
1.488280666114000724e+03
1.491663522027690533e+03
1.494728815112297980e+03
1.497557794431635330e+03
1.500856808226807516e+03
1.504719725096443881e+03
1.508488081885657721e+03
1.512153580818184537e+03
1.516010447225589132e+03
1.519667648381291428e+03
1.522543475564986920e+03
1.525565551062936947e+03
1.528675271827188453e+03
1.532054843204025019e+03
1.535693201491687205e+03
1.539398806344480136e+03
1.542753830132201756e+03
1.546186299835854470e+03
1.549662505737369656e+03
1.553782826555001748e+03
1.557500359462306733e+03
1.561414100214160044e+03
1.565243825977021288e+03
1.568644141795815813e+03
1.572017144100279211e+03
1.575384441683013392e+03
1.579374245388091367e+03
1.582818816016363371e+03
1.587079507557145917e+03
1.591120999496641389e+03
1.595017280343382481e+03
1.598448712825004122e+03
1.601725599215725651e+03
1.605090476613697092e+03
1.608727624809001782e+03
1.612876642104379243e+03
1.616884251455269577e+03
1.620810438872252917e+03
1.625033444676614408e+03
1.628875098493393352e+03
1.632441542716673439e+03
1.636270749868386929e+03
1.639951288521064043e+03
1.643872981308816179e+03
1.647464318862229220e+03
1.651170269456255710e+03
1.655525866818139093e+03
1.659191538620967322e+03
1.662278094758500856e+03
1.665825523243679527e+03
1.668874739386038300e+03
1.672167011237655061e+03
1.676010566628889137e+03
1.680100116524939494e+03
1.684086808564059993e+03
1.688193126883008745e+03
1.691899941828470219e+03
1.695047002587338056e+03
1.698487770067484689e+03
1.701890678941420674e+03
1.705393161136092658e+03
1.709276130966365145e+03
1.713447448536412594e+03
1.717607702404294514e+03
1.721479435661892239e+03
1.725331288829190271e+03
1.728959274895905082e+03
1.732109447321359994e+03
1.736290618500975825e+03
1.739628358769809893e+03
