2.177663142223907472e-02
2.522392329910758679e+00
5.038399159618995427e+00
7.655918281753889332e+00
1.031563331419902774e+01
1.288473089991235554e+01
1.527657107551096693e+01
1.749340198375731603e+01
1.942419995899906837e+01
2.144751765561774803e+01
2.315678710173075672e+01
2.496877937868098485e+01
2.690718645250323959e+01
2.908199438449796759e+01
3.116047804582547442e+01
3.319520939031495033e+01
3.557788406080517518e+01
3.790556570064524777e+01
4.019468304540676229e+01
4.219275236946280216e+01
4.421935581319583264e+01
4.660721850544542377e+01
4.863105500424005356e+01
5.099038357681274647e+01
5.309670962158262597e+01
5.482638528661615140e+01
5.697663658228285755e+01
5.905114276026154840e+01
6.126313151486555597e+01
6.375233356548321240e+01
6.618446737674690894e+01
6.849156986360777921e+01
7.124172940872605864e+01
7.307706778359391819e+01
7.478979591087988865e+01
7.645064382057132946e+01
7.869185843108708411e+01
8.059550575912112436e+01
8.257507113890150663e+01
8.438274006438552988e+01
8.606935514881571692e+01
8.772726317951017450e+01
8.935853936517283103e+01
9.103529720825984839e+01
9.322860908452989293e+01
9.586203814006047708e+01
9.806122977432454491e+01
1.003717909423584587e+02
1.033524715876552023e+02
1.064732288204572654e+02
1.092237342336928663e+02
1.120534434457894406e+02
1.149583789733980694e+02
1.176099661050867553e+02
1.206196996722364645e+02
1.229385616750854098e+02
1.251925734059412463e+02
1.270595587135417759e+02
1.287883697082820618e+02
1.308668533696096006e+02
1.328604264081408246e+02
1.354547723664168757e+02
1.373437202994656161e+02
1.392285178151067839e+02
1.413189339264810371e+02
1.439940400901458872e+02
1.467262144931647754e+02
1.494915922354441591e+02
1.525661760745870765e+02
1.553561104531946455e+02
1.576775664669231105e+02
1.595248372918376560e+02
1.612927313838325745e+02
1.629708726993887922e+02
1.647991207778520391e+02
1.676511384835144725e+02
1.705092088812291422e+02
1.733736778391140945e+02
1.763560878249973882e+02
1.784276541239791527e+02
1.803415045614734424e+02
1.821483088166642972e+02
1.841968748858456308e+02
1.865242106575682612e+02
1.890495559264432188e+02
1.915939239417700151e+02
1.944879646236836095e+02
1.972486731463794456e+02
1.999979680212043718e+02
2.020783539571768586e+02
2.042752974486785718e+02
2.064535640618462082e+02
2.089612700567392380e+02
2.115675484650620604e+02
2.144909879369460555e+02
2.176383770147800760e+02
2.203105432994480282e+02
2.223947337847109793e+02
2.248811688903903132e+02
2.271974368823597956e+02
2.289834890505129010e+02
2.311327027418273588e+02
2.340008033149439370e+02
2.370560185395183623e+02
2.399274048597489468e+02
2.429277999877314471e+02
2.458597132284891700e+02
2.488661610485250719e+02
2.511765492825001616e+02
2.533171162708826500e+02
2.554443673367491954e+02
2.577364245605076007e+02
2.600941967265524113e+02
2.624766984629840181e+02
2.642765853558288995e+02
2.662673914494218366e+02
2.680468721233461338e+02
2.708266033924930412e+02
2.734136861203057265e+02
2.753311681730315286e+02
2.777826705988636604e+02
2.799113051371995766e+02
2.816129654847317738e+02
2.833671977860931861e+02
2.856589091417345685e+02
2.883673915787179567e+02
2.908367062125910820e+02
2.936627838094560730e+02
2.961521587941325038e+02
2.984277872823195707e+02
3.004656314398642962e+02
3.025098741575795316e+02
3.048005479088691345e+02
3.067752711350078130e+02
3.085301951726036691e+02
3.102875402870211587e+02
3.131833103095213460e+02
3.162063597991868846e+02
3.192565599360600572e+02
3.223776630369796408e+02
3.250546714752896946e+02
3.275898739855081203e+02
3.299703005132357134e+02
3.330134103537046144e+02
3.360902423356096733e+02
3.389515984804386903e+02
3.419519936084213327e+02
3.442909159620734272e+02
3.467112902573491624e+02
3.492433799545112265e+02
3.520291639157111376e+02
3.552837721099072041e+02
3.585240267772354059e+02
3.615413694429657880e+02
3.641846557398392292e+02
3.662306277981408016e+02
3.684543760687330405e+02
3.709773002607869898e+02
3.737923100778985486e+02
3.766313577291618344e+02
3.798244013984789831e+02
3.827014945426456052e+02
3.852626371616606207e+02
3.876491163814408765e+02
3.906467445644850045e+02
3.932803465540745833e+02
3.960815216464947639e+02
3.989082909795941987e+02
4.012044986207602619e+02
4.031148903770811671e+02
4.050181918369980281e+02
4.072972790063577690e+02
4.100545288478807606e+02
4.131534963892931955e+02
4.163667733434718343e+02
4.185187539797252612e+02
4.204727251188259629e+02
4.226589466986916364e+02
4.255735665335847102e+02
4.285578787941128667e+02
4.313834375888020531e+02
4.344317354510303062e+02
4.369235315125279726e+02
4.397030898476162974e+02
4.425044378740944921e+02
4.450403321205471343e+02
4.473642092110966928e+02
4.500770149995466909e+02
4.521352653760121711e+02
4.539771752451088105e+02
4.567978918861551847e+02
4.600314021251957683e+02
4.633186948564776344e+02
4.658385062354764727e+02
4.678817113488398149e+02
4.697407416897428902e+02
4.722206053011931317e+02
4.742627728102046945e+02
4.761634802592415099e+02
4.780551951372289636e+02
4.801418066993130651e+02
4.830035087122597020e+02
4.859627455342845224e+02
4.879784541323225540e+02
4.901653674484225576e+02
4.923981082900648971e+02
4.954074959890971854e+02
4.984834633007087064e+02
5.015564907333242104e+02
5.044197491527982038e+02
5.073594444261946705e+02
5.104366222762169514e+02
5.133854830547213624e+02
5.162297187277441708e+02
5.189382011647279569e+02
5.213867637115617981e+02
5.239807638017213094e+02
5.262034744679612004e+02
5.292132080351103696e+02
5.321925052079386660e+02
5.349973119155889663e+02
5.377756597122663607e+02
5.404562997658082395e+02
5.426409649391456469e+02
5.449760827435079591e+02
5.474786007166396757e+02
5.497663345889325228e+02
5.522979054839192941e+02
5.541882368894375759e+02
5.559696198380069063e+02
5.582116991188147495e+02
5.613357420987314299e+02
5.643887091805431737e+02
5.670990938921727320e+02
5.702051517299896659e+02
5.731626592114274672e+02
5.757763737842723231e+02
5.780328065919489973e+02
5.802505021704891988e+02
5.825240554499716836e+02
5.847386382154558078e+02
5.867329029902214188e+02
5.890830660576853006e+02
5.916042609091540498e+02
5.943544204542720308e+02
5.973183264958794325e+02
6.002486833301094293e+02
6.032907555662261530e+02
6.066173043288200688e+02
6.096529780047669647e+02
6.117319804682692848e+02
6.142355360457562483e+02
6.168833186281542567e+02
6.192879559240934668e+02
6.212180621631011945e+02
6.233176437795839320e+02
6.261131120480678192e+02
6.289039110969677040e+02
6.320260518022389533e+02
6.352944947211274211e+02
6.383714996370914605e+02
6.415730170752833601e+02
6.444125835287238715e+02
6.472889849366553108e+02
6.502454548137415031e+02
6.529871405899862111e+02
6.560193555847612288e+02
6.593457314132974716e+02
6.625560684884787861e+02
6.657202321700031007e+02
6.687365372313813623e+02
6.715460131586162333e+02
6.739921546286303737e+02
6.768654432235067588e+02
6.799590498091006339e+02
6.828539551613083631e+02
6.850662897840305732e+02
6.877721782101345980e+02
6.908635366529662178e+02
6.932493241365118593e+02
6.956432395208152002e+02
6.983058944322577872e+02
7.010157603417106884e+02
7.041754277377084463e+02
7.071870635795036151e+02
7.102799784288623641e+02
7.126766607581038215e+02
7.148077163732600638e+02
7.169232079231380794e+02
7.192533106397989968e+02
7.209959563592315135e+02
7.228217833608734963e+02
7.248973271432035972e+02
7.276151480193550469e+02
7.304140749690119492e+02
7.323945050190867505e+02
7.345622226546765887e+02
7.371544934042491377e+02
7.397922458112458344e+02
7.424931191496494876e+02
7.454741456630630410e+02
7.485516693812033964e+02
7.510533226840431098e+02
7.532566647357149350e+02
7.556133992974080229e+02
7.585292296707114019e+02
7.614924439760849282e+02
7.644224549421983284e+02
7.665574880407034470e+02
7.687661910481929226e+02
7.713292359418538808e+02
7.742933149175198650e+02
7.771235429317924854e+02
7.799305977822062914e+02
7.820818866822251039e+02
7.843211990180957400e+02
7.865492706401538499e+02
7.883827067403765341e+02
7.906178686588401661e+02
7.929483172436179075e+02
7.958470271451154758e+02
7.986360968534298763e+02
8.014410764951400097e+02
8.044988857305936563e+02
8.073823774349299356e+02
8.103376367736049133e+02
8.130871045824889052e+02
8.161329813678967184e+02
8.184554749859767071e+02
8.208642626993229214e+02
8.236024897943939322e+02
8.267474577954072856e+02
8.298293048650142509e+02
8.326652397032222552e+02
8.353854816561940879e+02
8.381679798702797370e+02
8.409068987015858738e+02
8.441276118202864609e+02
8.470695552364456944e+02
8.493448378565153689e+02
8.513216362913573221e+02
8.536085054933556648e+02
8.561770842768929697e+02
8.587107303805838683e+02
8.609106137510833605e+02
8.630913014410714368e+02
8.653335536559384309e+02
8.677521986106273744e+02
8.697255383642961988e+02
8.721912213829386928e+02
8.742909759334796718e+02
8.765617622680233580e+02
8.790182797815563163e+02
8.814779101081453518e+02
8.836848837750496841e+02
8.855371696876653687e+02
8.874152227750194015e+02
8.892272150519694378e+02
8.910293500875768586e+02
8.931868646137069163e+02
8.955807799980082109e+02
8.979831691511830059e+02
9.001885864115595268e+02
9.032567716905322186e+02
9.060458413988455959e+02
9.090128602535073696e+02
9.116205221342995628e+02
9.142862898587977725e+02
9.174872884948138108e+02
9.207958521153091169e+02
9.235795608678031385e+02
9.267060249245378145e+02
9.295474936526240981e+02
9.322708484186505302e+02
9.352731458212817870e+02
9.380613508592991820e+02
9.412165219697733392e+02
9.439760199540579606e+02
9.468347820880095469e+02
9.499667800346230706e+02
9.532822610174605416e+02
9.565173276630318924e+02
9.595242942852412398e+02
9.625170803146431808e+02
9.656757101062929678e+02
9.680246626353440433e+02
9.708787555497067387e+02
9.731313838080952792e+02
9.754291478557887558e+02
9.780307570445268084e+02
9.811861010890628449e+02
9.841155932529954953e+02
9.874580519489799144e+02
9.901028946523800869e+02
9.920843623068083161e+02
9.944054724524202129e+02
9.963886694474319938e+02
9.983078808407428824e+02
1.000604953152205894e+03
1.003555024469119189e+03
1.006389057032679716e+03
1.009299872318284770e+03
1.011849774223487884e+03
1.014387570744583741e+03
1.016518107557568101e+03
1.019083400593992678e+03
1.022021539460857753e+03
1.024935467559516610e+03
1.027846628713235305e+03
1.030628608125143501e+03
1.033603236078392229e+03
1.036652052742794467e+03
1.039796847809745032e+03
1.042507751323551929e+03
1.045777404780849565e+03
1.048833138807601017e+03
1.051730638170691464e+03
1.054202892683559867e+03
1.056963947074371617e+03
1.060150419249456945e+03
1.063046881008191349e+03
1.065719047292860978e+03
1.068094285798828878e+03
1.070110513199041861e+03
1.071930979244865966e+03
1.074188103788782882e+03
1.077020061143639168e+03
1.079818296357057989e+03
1.082790849101600315e+03
1.085860417853042236e+03
1.088931370076953272e+03
1.091827313033516020e+03
1.094023045986609077e+03
1.096752972246863919e+03
1.098984848418209594e+03
1.101370981769874561e+03
1.103987290353599747e+03
1.106811638609874080e+03
1.109069454890026236e+03
1.111345429246334106e+03
1.113429965599712432e+03
1.116078785786462277e+03
1.118943254744344586e+03
1.121921514312822410e+03
1.124922774111098306e+03
1.128017937103220220e+03
1.130966624947672472e+03
1.133671994571599498e+03
1.136822669396549145e+03
1.139735559890853210e+03
1.142783684819022938e+03
1.146017367992119489e+03
1.148758880834304819e+03
1.150961012347568385e+03
1.153636291445291590e+03
1.156343736277921380e+03
1.158912487995521360e+03
1.161925853177905765e+03
1.164479386698343887e+03
1.167201012123785631e+03
1.170316754268883415e+03
1.173332021725910863e+03
1.175999345856936770e+03
1.178095641726304621e+03
1.180581039227629844e+03
1.183096527255166166e+03
1.185492863716292504e+03
1.188342460345134668e+03
1.191399750778409953e+03
1.194610952523880769e+03
1.197662536133224421e+03
1.200984588610290302e+03
1.203932584718499811e+03
1.206481449019348020e+03
1.208921191929193583e+03
1.211109661651822307e+03
1.213535396902917455e+03
1.216455723561745799e+03
1.219108694165902989e+03
1.221263960549274543e+03
1.223545987597633257e+03
1.226224552442471804e+03
1.229111329893918764e+03
1.232339133309020781e+03
1.234918779872306686e+03
1.238073605114664815e+03
1.240610364031409745e+03
1.242586470730016572e+03
1.245195861951392999e+03
1.248199024024317168e+03
1.251195787537069464e+03
1.254084986065342491e+03
1.256954988913101715e+03
1.259169917546700617e+03
1.261918001883116176e+03
1.264438504998350481e+03
1.266694073135734925e+03
1.268912806318626281e+03
1.270985410221960592e+03
1.273278505050067224e+03
1.275992188568782922e+03
