5.591920271280891854e-04
1.735946597589347728e-04
3.891138575388428052e-05
9.257363051442959681e-06
6.881998717670833823e-06
6.098158193141974345e-06
5.569256245373512492e-06
5.285838710285593558e-06
5.069431790601741127e-06
5.018626239643046770e-06
5.011357608710580553e-06
5.006154854699247247e-06
4.957055842391151402e-06
4.887761834801841480e-06
4.804466644354385069e-06
4.785642056803159669e-06
4.737972539981269683e-06
4.636629944352618959e-06
4.591171664018845528e-06
4.581891489303442840e-06
4.573022928657008983e-06
4.555139927001114177e-06
4.547660567598248668e-06
4.546478015803702114e-06
4.542129242372992737e-06
4.535352605811237908e-06
4.529514703197570514e-06
4.524642883542968949e-06
4.485322851343972513e-06
4.458975396858264714e-06
4.452333544270881398e-06
4.374507015362123458e-06
4.292524263691351268e-06
4.246809724368809005e-06
4.214618215249432528e-06
4.204612875607303732e-06
4.198448668118914370e-06
4.188108867994007410e-06
4.178373186085363579e-06
4.166806120349316210e-06
4.137960243169819000e-06
4.121097723464255922e-06
4.077718707885386741e-06
4.068349785973040260e-06
4.025602746254750721e-06
4.005307079444049779e-06
3.979103705287061096e-06
3.974304421491095358e-06
3.966246147987942843e-06
3.960518491411200485e-06
3.963574912357560658e-06
3.942863733569928262e-06
3.932810584121091113e-06
3.924833591177345489e-06
3.899840615252453902e-06
3.892411736768825974e-06
3.877917959758436047e-06
3.872680004553299803e-06
3.850563216977650937e-06
3.812033839829627398e-06
3.793712730977033028e-06
3.778022021051882274e-06
3.769850155291449033e-06
3.758938413640526343e-06
3.736256595800275785e-06
3.715039359427647192e-06
3.700367402228063078e-06
3.688094678514522396e-06
3.644038028469102998e-06
3.609823803865403601e-06
3.601176201994696936e-06
3.605310149455540982e-06
3.574405829824172693e-06
3.566617196518180443e-06
3.559622310162521922e-06
3.533512602319947958e-06
3.524731727916398489e-06
3.520755100296661850e-06
3.519893498483366007e-06
3.501263767014841082e-06
3.490296430165401639e-06
3.480589720862625716e-06
3.479219100028944294e-06
3.480115269318836914e-06
3.448143127418012796e-06
3.430947068800624124e-06
3.428812959917667657e-06
3.407739465616747888e-06
3.370808240657880975e-06
3.347694705083009973e-06
3.331032041542311609e-06
3.322970542633874846e-06
3.309359280824333011e-06
3.301136911648318803e-06
3.287442878195261813e-06
3.277200883571185303e-06
3.259146707817389312e-06
3.233795468096955557e-06
3.230903853406954181e-06
3.219876234599993090e-06
3.222137110591031822e-06
3.210042063365160545e-06
3.204123481771406354e-06
3.199743119422474910e-06
3.188361220239345017e-06
3.163041273943556737e-06
3.150041307912019788e-06
3.147263987354540718e-06
3.136200217826624090e-06
3.129147060026492081e-06
3.124997105859988870e-06
3.111488014895044171e-06
3.091627251801095000e-06
3.090885056659671718e-06
3.068732114341241380e-06
3.057852845286669750e-06
3.041112196679939787e-06
3.029780145900957671e-06
3.021319531247876143e-06
3.026267433895959329e-06
2.966706207710793706e-06
2.950706246884525561e-06
2.934683248363590422e-06
2.925007444520555378e-06
2.913106530789930092e-06
2.911561989891754880e-06
2.912472461057012954e-06
2.899441028120797802e-06
2.882634963018286199e-06
2.866415601041239432e-06
2.820219840168912438e-06
2.808702699017104607e-06
2.803903450940309885e-06
2.791158626094260056e-06
2.786714544094078430e-06
2.781348582705400355e-06
2.763759738778825589e-06
2.755877970082119500e-06
2.745906597468375702e-06
2.747186321195618838e-06
2.733027556854027677e-06
2.731617828214047880e-06
2.727050645495537688e-06
2.711806496009222365e-06
2.688255422021056844e-06
2.653679033169377965e-06
2.647826798419482365e-06
2.623367796364364580e-06
2.610434727868528848e-06
2.611644189664359500e-06
2.604873848302809025e-06
2.612206018982065428e-06
2.597148463131682517e-06
2.580971494854436520e-06
2.564138130637594922e-06
2.561245883772337171e-06
2.562140516873300297e-06
2.551529027746560859e-06
2.539525682867578774e-06
2.511637399133107467e-06
2.515514292825146525e-06
2.502309079259523866e-06
2.498554527782804980e-06
2.490823876527910469e-06
2.449332166990245888e-06
2.431091604145717978e-06
2.418348591201196130e-06
2.414695427250770428e-06
2.402802985261080778e-06
2.407851113363207164e-06
2.403788665246970701e-06
2.376939088908445776e-06
2.357064222019621386e-06
2.349089539323812168e-06
2.329080265658387437e-06
2.312857737690009366e-06
2.305098267948829289e-06
2.297870315157495665e-06
2.294400206172391227e-06
2.287927487578766194e-06
2.285388214204270451e-06
2.284905220894397986e-06
2.253852859029050183e-06
2.246140974720074733e-06
2.239998327201612172e-06
2.239088753970716325e-06
2.224698317163726167e-06
2.200438394657377056e-06
2.175860405473364406e-06
2.165378887168632207e-06
2.170719653890560975e-06
2.158064429762035059e-06
2.166727666085615686e-06
2.138795676750431962e-06
2.136229505969522557e-06
2.105072812269449676e-06
2.097482899133598424e-06
2.092645293836932039e-06
2.077672440756665549e-06
2.058679203992886015e-06
2.045972570297152500e-06
2.032083594673316214e-06
2.025587890134315752e-06
2.016464156020419509e-06
1.997304834612641021e-06
1.989861562011322190e-06
1.978662845920131899e-06
1.980131121741229241e-06
1.965562137383314228e-06
1.954586719740430559e-06
1.954576363933071813e-06
1.960585517630432010e-06
1.957224197588151809e-06
1.955634020212545256e-06
1.942908111965587439e-06
1.933823563683644575e-06
1.923756781854411384e-06
1.934116047646400612e-06
1.924798821281620709e-06
1.908685176158040729e-06
1.887423984208660315e-06
1.893173991388442245e-06
1.872480978169046703e-06
1.877634575955540394e-06
1.864747530482889836e-06
1.856582066231340893e-06
1.866592762096359581e-06
1.864350064345953252e-06
1.850212293382643430e-06
1.855110644157824578e-06
1.861763519886067637e-06
1.848160643930380781e-06
1.848093887338860499e-06
1.835286955050209609e-06
1.813168421737522141e-06
1.815851606147208238e-06
1.817840235823552489e-06
1.810655759922827371e-06
1.809101468138637904e-06
1.810096109954183260e-06
1.809285070779758871e-06
1.811189641816229882e-06
1.809606600985235284e-06
1.809340702784352330e-06
1.797895655411361114e-06
1.787393955287861202e-06
1.790608996523886360e-06
1.790663498535490846e-06
1.782729604801607545e-06
1.761994126708951015e-06
1.766696501532143867e-06
1.777869307701593048e-06
1.770184286472755739e-06
1.764385732615842625e-06
1.785045118827850442e-06
1.770985391773749683e-06
1.772653547351560744e-06
1.776686039620638975e-06
1.759596075900540134e-06
1.755812559136693452e-06
1.720209177811601561e-06
1.713430556877539331e-06
1.717233822601283410e-06
1.715583997347938696e-06
1.710866585083830235e-06
1.705627041122626833e-06
1.690875975059826329e-06
1.672253111209507794e-06
1.666264552230582473e-06
1.656427116151944195e-06
1.644784587990072676e-06
1.647967918469976043e-06
1.657298562851706103e-06
1.647990794484158100e-06
1.640881395169885790e-06
1.671816730543535690e-06
1.660192941665982533e-06
1.649238599546624629e-06
1.645202504342290586e-06
1.640156386583457639e-06
1.646217094800197505e-06
1.660457139381403774e-06
1.658613688063711050e-06
1.657629697239068763e-06
1.633489888322377420e-06
1.632175433783070258e-06
1.629548840735129047e-06
1.644431730284961144e-06
1.651441381238339669e-06
1.648058557217935710e-06
1.644021353621120272e-06
1.654615362965975047e-06
1.646177424962950108e-06
1.645726950117737905e-06
1.659176967933676286e-06
1.646398136578413641e-06
1.652243889555096162e-06
1.638498628435195960e-06
1.633323289279971901e-06
1.642294843630656014e-06
1.625599226834903961e-06
1.619402092632967473e-06
1.628388472545667573e-06
1.622104488439090525e-06
1.604538850914380276e-06
1.585817134948265271e-06
1.583396395394110563e-06
1.572881147731315665e-06
1.593731430949481546e-06
1.578982215126703645e-06
1.583430992528183842e-06
1.580308640450447606e-06
1.550351396486253760e-06
1.547227679613704291e-06
1.553302046478465648e-06
1.538378861783605253e-06
1.541026849876011672e-06
1.534573327514545418e-06
1.550173041831602902e-06
1.547000200318882765e-06
1.558763835163131350e-06
1.536337718417912330e-06
1.518888304482636097e-06
1.532136770816863635e-06
1.537685096290660466e-06
1.520955802637919042e-06
1.519610168981284348e-06
1.525067892062986019e-06
1.530130770805166641e-06
1.533928561399196880e-06
1.533541630977658176e-06
1.538185274542657687e-06
1.524661613826624294e-06
1.539248625236315744e-06
1.541777375226502737e-06
1.533318283914962594e-06
1.532359022023743542e-06
1.527426647709002972e-06
1.543195146232232157e-06
1.531465368289820390e-06
1.541692076805869313e-06
1.533741679523735847e-06
1.531190119815639891e-06
1.521355061062280522e-06
1.521626915335744465e-06
1.518226553909326079e-06
1.581850386086930426e-06
1.579650546042273570e-06
1.568257307804522601e-06
1.594792196745014844e-06
1.585669709237949171e-06
1.547054890331524490e-06
1.558564447435833695e-06
1.558907691528604956e-06
1.537523327475683451e-06
1.558606953524144322e-06
1.541880321129212851e-06
1.540553153593427594e-06
1.539286980033400857e-06
1.534304765305275433e-06
1.556040104489456304e-06
1.547305563914280536e-06
1.565465794719699005e-06
1.549385617851927701e-06
1.543486865366786888e-06
1.556210778066460905e-06
1.562517171284737748e-06
1.559349793205675628e-06
1.597989831337324995e-06
1.600228614108295682e-06
1.586389148568739200e-06
1.605773770338023191e-06
1.636083790847006008e-06
1.611753362502140172e-06
1.590952635384301937e-06
1.575688089447376226e-06
1.591605079332854764e-06
1.592044888130310040e-06
1.618703181103146015e-06
1.605278662631517063e-06
1.600209684447729253e-06
1.613686168208435236e-06
1.630846612722388887e-06
1.613997554472322242e-06
1.625408947794919973e-06
1.625922647862726202e-06
1.642873938178649292e-06
1.625789993324929438e-06
1.636739337676762392e-06
1.658506019844005444e-06
1.672446720209335654e-06
1.688080490955972121e-06
1.702969685333657796e-06
1.697125276487169537e-06
1.700055060290116690e-06
1.677901472272492725e-06
1.762350273662800303e-06
1.736723371701714495e-06
1.747611643955632518e-06
1.762540640256282627e-06
1.865719660229081481e-06
1.882530830532086830e-06
1.858356195448501286e-06
1.878740675064706078e-06
1.880340262038402315e-06
1.918910484634453807e-06
1.919471172362175232e-06
1.880849608692727703e-06
1.904922247079182214e-06
1.952755962734308414e-06
1.926080844262149541e-06
1.902515685389194311e-06
1.850500203718313270e-06
1.878042812276440568e-06
1.908851273828962990e-06
1.903975205518261824e-06
1.928988554533393865e-06
1.912189884261188355e-06
1.926057525802264343e-06
1.956500518346217732e-06
1.960291986836031303e-06
2.016833547563388444e-06
1.992301005431727305e-06
1.985530542442450968e-06
1.947235000803532808e-06
1.946781879163510558e-06
1.940045048397670528e-06
1.961357743469954737e-06
2.000004463027088648e-06
1.949017285724175705e-06
1.963169928134381221e-06
1.970440885186410129e-06
2.009909760447476342e-06
2.037125241722264491e-06
2.027869934144215497e-06
2.060002001069951927e-06
2.117447028590751870e-06
2.097570064142181550e-06
2.117562340160265445e-06
2.117566398981606722e-06
2.177477072891222822e-06
2.353724247811694716e-06
2.364251407664734920e-06
2.323961913282024613e-06
2.381921121006505928e-06
2.344266322200307370e-06
2.414749153799708626e-06
2.388228844304354059e-06
2.433566433095019710e-06
2.525433882795610718e-06
2.580721299396679920e-06
2.587703198394919977e-06
2.599159673105466369e-06
2.594703067576732579e-06
2.746463197800746508e-06
2.751860386184752653e-06
2.704669787917567823e-06
2.786263807962427219e-06
2.802008191996683536e-06
2.798466780939366907e-06
2.802939846663075815e-06
2.745903184652576576e-06
2.851397666827205315e-06
2.845967383303908535e-06
2.836883842472003541e-06
2.923886311016870008e-06
2.970583936503994079e-06
2.968026912595014391e-06
2.983518410887391923e-06
3.010617192114640536e-06
3.134038788750218850e-06
3.092056839100805639e-06
3.146226331752697996e-06
3.150135458930171141e-06
3.210635069649698267e-06
3.328137350280020322e-06
3.572051145834494092e-06
3.558967398969648420e-06
3.612015684097390188e-06
3.607563886766168465e-06
3.683681653668619250e-06
3.711097287782046816e-06
3.716864990406736957e-06
3.880658848178957494e-06
4.046069764074021478e-06
4.213945765556755075e-06
4.469012129527449283e-06
4.504497773562019169e-06
4.512647849336422043e-06
4.656191677136298375e-06
4.659579221910494500e-06
4.872571677246065834e-06
5.708500446715598620e-06
5.702970680210782261e-06
5.796397248834858827e-06
5.887413241235846815e-06
5.975567168599602265e-06
5.926601750772878528e-06
6.095698235236649557e-06
6.367455144456928049e-06
6.627182741379145306e-06
