5.560614295337206045e-04
1.984226767781403300e-04
6.909315841935533573e-05
2.300954884746128688e-05
1.507189731510894385e-05
1.390748589746028217e-05
1.322089303709603147e-05
1.295436993043302695e-05
1.276950195301405829e-05
1.259333867158682906e-05
1.259067404446379191e-05
1.259029737945082851e-05
1.259007546132744831e-05
1.250485307334600347e-05
1.248953870977202918e-05
1.245590338819049564e-05
1.235566074902886175e-05
1.229491151358508500e-05
1.222578156552571677e-05
1.219213325085965780e-05
1.208083615774196973e-05
1.200474038692956973e-05
1.198329052279063943e-05
1.184570318015733895e-05
1.174766812100811126e-05
1.172413077602164418e-05
1.165968622080121940e-05
1.164029819617469799e-05
1.159857085506361985e-05
1.148899357131508705e-05
1.141494815601251444e-05
1.133259175093038741e-05
1.124491881153152700e-05
1.122608074695220078e-05
1.122161358940574690e-05
1.121217261896634556e-05
1.119759560559997058e-05
1.118845073931114891e-05
1.118741765902843196e-05
1.117895033935906700e-05
1.117494784982153278e-05
1.117193876266501269e-05
1.116601020929271043e-05
1.116015939573049951e-05
1.109998458509082047e-05
1.100943178011632608e-05
1.098059871184926280e-05
1.092457285478595041e-05
1.085545456696039752e-05
1.084180810064659642e-05
1.075901217630339698e-05
1.067940363905065760e-05
1.057952437664717934e-05
1.056079511700033091e-05
1.055184773623020902e-05
1.054414863960829790e-05
1.051831060067427302e-05
1.050709699195560769e-05
1.050556608736646643e-05
1.049282473991679775e-05
1.048240221521108897e-05
1.041124328066670877e-05
1.040887763948337150e-05
1.040371038047830509e-05
1.039917766556138557e-05
1.033328940737669761e-05
1.027789543840024854e-05
1.025673401111665784e-05
1.023786639626266949e-05
1.018708170030585550e-05
1.016391191604631981e-05
1.015805223653415269e-05
1.015436640637912266e-05
1.015018187513216364e-05
1.014418583282031463e-05
1.013382856109984826e-05
1.011248360263086228e-05
1.006283299498213096e-05
1.000119064369224541e-05
9.991755951659857910e-06
9.986958973558969312e-06
9.983178200083320188e-06
9.976257852935930420e-06
9.971021905514162618e-06
9.968517407629089332e-06
9.948964883176358761e-06
9.922128177293393876e-06
9.868503245564502841e-06
9.853320850397352681e-06
9.835644469100124124e-06
9.823729261711504937e-06
9.800359939224909120e-06
9.760771263509988632e-06
9.715616601896216094e-06
9.701731354772865712e-06
9.662689767013754629e-06
9.627516512582968216e-06
9.622538423921492994e-06
9.618992828098019040e-06
9.610339536062397078e-06
9.602676321005034293e-06
9.562782773022388170e-06
9.442773979689240223e-06
9.426766903481921097e-06
9.404505701766371429e-06
9.390560061370069751e-06
9.375720385636689694e-06
9.368715044204313367e-06
9.360312013746748734e-06
9.356533134434057196e-06
9.343171591829646470e-06
9.342931147527611273e-06
9.336193303659071706e-06
9.306667170166293214e-06
9.307526926496046936e-06
9.293736264531923878e-06
9.291199790589647119e-06
9.264012701634533517e-06
9.251545616590950053e-06
9.243400390311837109e-06
9.231531331443259842e-06
9.225395323105147161e-06
9.217879887110366560e-06
9.214179860413673965e-06
9.203105394681669995e-06
9.180337782469250379e-06
9.127829818236080409e-06
9.100619482584020641e-06
9.088434761597943726e-06
9.066459272022269340e-06
9.061903878717212754e-06
9.058650116935793609e-06
9.040535448282199124e-06
9.029157348212353445e-06
9.030891636614237750e-06
9.030286741047974082e-06
9.025265701701664094e-06
9.018930775651901643e-06
9.014117558656974181e-06
8.994403135519738420e-06
8.981135603622398912e-06
8.949697431696943521e-06
8.898607629583860931e-06
8.899197714909976210e-06
8.892556044234454059e-06
8.835722542308689921e-06
8.819546670559424712e-06
8.810256093786171964e-06
8.801422958348015111e-06
8.794504434218637865e-06
8.780353171368153017e-06
8.741059824955439611e-06
8.687149160434443028e-06
8.597606080324121067e-06
8.584572906597092703e-06
8.577077713285638516e-06
8.574092228331957260e-06
8.508390921489463206e-06
8.452872292374102970e-06
8.431924885225029615e-06
8.418728781824569288e-06
8.385827735432384650e-06
8.392667195097381505e-06
8.378442327404006789e-06
8.352787636887837417e-06
8.335715833617913736e-06
8.335467923104547441e-06
8.329654232646259085e-06
8.319564394614834267e-06
8.316834367734327147e-06
8.310807257383011861e-06
8.287372929998743329e-06
8.277362691241849102e-06
8.256898710947761541e-06
8.250141689598422778e-06
8.191172377987740035e-06
8.192148162597247903e-06
8.167757562717177682e-06
8.139388940438401868e-06
8.106809789117279202e-06
8.092887680634916670e-06
8.093036491235795950e-06
8.084286157872560310e-06
8.074935174608518932e-06
7.992979643220493176e-06
7.986130598108654742e-06
7.976339196535318538e-06
7.966081881933345261e-06
7.964413662190939161e-06
7.962136082400509988e-06
7.951318071952954010e-06
7.922233097549683122e-06
7.900402581189324287e-06
7.884047344179086515e-06
7.879879737520609545e-06
7.870935635790147152e-06
7.847185030246674764e-06
7.828803538300641037e-06
7.834855966905328168e-06
7.831492520655830797e-06
7.809797538502269708e-06
7.788598294639766752e-06
7.761343445871527093e-06
7.760684704016344848e-06
7.741896550217290129e-06
7.721928639208964663e-06
7.711564806785481198e-06
7.713816968254193194e-06
7.702047278627053293e-06
7.700679879533301456e-06
7.697085575212864720e-06
7.694824536956379463e-06
7.687243005486131585e-06
7.674483651708516007e-06
7.666176759128883313e-06
7.667633812512864383e-06
7.662583158731242077e-06
7.658060321093428533e-06
7.647632482769552449e-06
7.645239769590009941e-06
7.640841896486862795e-06
7.635600050800162562e-06
7.631686416143407744e-06
7.637598279286321432e-06
7.625258004174788837e-06
7.617721299303066909e-06
7.621303130545607284e-06
7.621448094525426996e-06
7.616940942358385087e-06
7.613518447527240458e-06
7.598665404434751576e-06
7.599351118920115330e-06
7.585660393822826296e-06
7.546710222884276260e-06
7.491636701397622278e-06
7.452483595139108331e-06
7.393915565844519883e-06
7.353268333977715495e-06
7.336398846666009319e-06
7.322352421253165091e-06
7.303471412972551045e-06
7.289972048569219601e-06
7.288449755136212775e-06
7.269187313884680847e-06
7.265120037004832174e-06
7.252447727138177572e-06
7.251300489332511156e-06
7.192722792547058200e-06
7.107696281828785424e-06
7.021646919217533605e-06
7.008103244713813500e-06
7.014044432925548160e-06
6.998668751757616176e-06
6.979955552381272187e-06
6.978745164037255605e-06
6.982159338545174468e-06
6.980385925843975781e-06
6.946103034560306440e-06
6.918050102559268258e-06
6.885350002083212382e-06
6.811045180887652920e-06
6.791243571985483937e-06
6.785422476444642405e-06
6.775979919488390417e-06
6.765052236492379183e-06
6.758868390543200212e-06
6.728486235534901493e-06
6.625132393466671510e-06
6.625245103662638461e-06
6.627191761334597412e-06
6.629670723827350464e-06
6.600301977202996541e-06
6.589082010678103989e-06
6.585680778967453766e-06
6.583458402183083026e-06
6.562322582788843277e-06
6.556249996323373145e-06
6.535670236057055273e-06
6.548733273933882172e-06
6.508166146938056397e-06
6.501594458726823459e-06
6.503993265683354346e-06
6.492194900114941519e-06
6.470650836289447785e-06
6.452966244761920363e-06
6.441690250899773116e-06
6.434506237731747150e-06
6.422724663345015720e-06
6.416208580929506715e-06
6.392149776449453789e-06
6.384241457199212557e-06
6.384612687603048283e-06
6.370359494472610344e-06
6.352335313569486325e-06
6.340117986319171647e-06
6.327525397021208534e-06
6.327793995756807135e-06
6.321349147088096957e-06
6.314913690048996399e-06
6.315221230197507167e-06
6.298353344334715096e-06
6.297015765902506331e-06
6.287402421497284924e-06
6.270630215794955417e-06
6.257057130485981671e-06
6.240576010942142068e-06
6.232331017113161689e-06
6.224655078825432529e-06
6.240432785925460814e-06
6.231041235759390352e-06
6.230779865504839934e-06
6.217779283116251376e-06
6.219963933847876683e-06
6.215208188935384271e-06
6.212242772325937580e-06
6.212748243310061937e-06
6.207421774793661041e-06
6.197240759508932843e-06
6.199946761127229679e-06
6.194510153940639013e-06
6.191939933323862914e-06
6.178256834564578488e-06
6.177965039345725704e-06
6.169612607920448544e-06
6.165837114579311311e-06
6.171262298927279079e-06
6.168055603975742424e-06
6.152147203736103985e-06
6.140542110303372034e-06
6.133193630756502882e-06
6.140319565917945730e-06
6.127072504238868753e-06
6.114676226565536827e-06
6.063405877419060527e-06
6.012816468279960771e-06
6.000618585651223239e-06
5.983516906344105964e-06
5.985146657529194672e-06
5.967363799207216767e-06
5.961827179607480860e-06
5.956629277635683053e-06
5.965033827128547048e-06
5.954730156890332049e-06
5.960371566717295575e-06
5.945220578386270060e-06
5.949476205722778653e-06
5.936162237211265410e-06
5.939338675612413969e-06
5.934233168693153224e-06
5.934998818006882653e-06
5.936767348678345691e-06
5.923254179402967047e-06
5.929311753965118545e-06
5.914739111969590555e-06
5.923226911131745168e-06
5.922093893242945347e-06
5.929017192717621567e-06
5.933623348789770792e-06
5.952088492245046968e-06
5.936064595904749147e-06
5.933025239682500567e-06
5.916431842028275553e-06
5.916647208770148152e-06
5.904142402931273138e-06
5.889678413329840621e-06
5.883580214965672930e-06
5.867901070813548926e-06
5.815202473796173493e-06
5.812181015417511300e-06
5.805777057919440351e-06
5.782076907391908024e-06
5.784048057957564144e-06
5.774737214733921496e-06
5.758721532222825772e-06
5.766189123060220219e-06
5.757524793441792034e-06
5.739039342463018080e-06
5.697097420510960355e-06
5.661484771311262425e-06
5.658809928246331101e-06
5.639426463857896696e-06
5.597915855536923843e-06
5.569486018615792628e-06
5.533708871683546005e-06
5.492695532539398457e-06
5.480879433286348536e-06
5.459789812428022379e-06
5.460483841012628203e-06
5.434609560526070540e-06
5.437187224324106609e-06
5.434815519183004123e-06
5.413467190631924396e-06
5.398415833592476677e-06
5.386467815340930595e-06
5.373456751785443291e-06
5.378451328526602808e-06
5.365312707915156993e-06
5.363977156593130109e-06
5.358240714644758824e-06
5.351845240489480800e-06
5.357518803526669495e-06
5.346608458683150450e-06
5.364073896748028547e-06
5.373293534940528785e-06
5.367200680599603582e-06
5.365676660049391943e-06
5.360743720834629387e-06
5.341111108757142896e-06
5.361332956947557476e-06
5.355751810981716195e-06
5.340290084764911790e-06
5.344260600328881749e-06
5.326226486137560348e-06
5.325041147276804565e-06
5.326506728409855954e-06
5.325089087930551207e-06
5.315735754394718712e-06
5.304202762107506729e-06
5.300077220015440812e-06
5.274235775915031175e-06
5.267066421806266940e-06
5.268943173983266635e-06
5.247099436752554244e-06
5.245277479907244849e-06
5.259571915948949948e-06
5.258238290079516586e-06
5.264309432489724015e-06
5.271706450427994063e-06
5.266868851576588145e-06
5.280830405435050077e-06
5.266875697892077059e-06
5.273580169977462636e-06
5.274545725946955541e-06
5.286376826357843799e-06
5.273741920186333302e-06
5.274240520896102272e-06
5.279068974349014307e-06
5.270922057046594941e-06
5.279619279042053891e-06
5.270988030477058279e-06
5.262447985075796431e-06
5.278311156557893333e-06
5.284606845279680467e-06
5.267261895639336130e-06
5.270803310167716697e-06
5.272472852044196603e-06
5.276125641152396818e-06
5.273229826503993241e-06
5.251837714925555934e-06
5.243533928688945369e-06
5.245772918847288796e-06
5.251714139216093126e-06
5.232151607122086209e-06
5.219462027637016383e-06
5.207292319677220502e-06
5.204992943924874910e-06
5.182529108187624640e-06
5.174377315750097587e-06
5.155884197527811859e-06
5.174800699974259926e-06
5.204041016261354753e-06
5.193117049946205893e-06
5.157182403943426305e-06
5.173678853500797600e-06
5.161232619372912692e-06
5.146594211905876596e-06
5.148657039163528234e-06
5.122418964092047963e-06
5.113951367777783721e-06
5.105677209251118061e-06
5.054173522341363719e-06
5.033849126650227906e-06
5.044174428902558404e-06
5.018740991912803416e-06
4.969553802742187793e-06
4.946649864179184563e-06
4.958203255311901960e-06
4.956175117947204257e-06
4.954557189949227040e-06
4.973486492417537720e-06
4.982952919540177874e-06
5.003372721754646077e-06
4.975057300225518844e-06
4.961763994302822025e-06
4.944615556625518745e-06
4.931710713137448823e-06
4.901325777461082170e-06
4.927808957546446207e-06
4.916006462116079899e-06
4.879706598844069661e-06
4.854525452639498295e-06
4.882069583455824544e-06
4.877976680803048044e-06
4.895381657249089117e-06
4.880390256386191243e-06
4.900614026501576475e-06
4.878752702438886246e-06
4.900241224833536897e-06
4.920982912114112105e-06
4.942364022722348465e-06
4.942295708557250469e-06
