9.277326707221774922e-07
8.535477328104676946e-07
7.974577634982243364e-07
7.530938357465765509e-07
7.146403612429130464e-07
6.812363805340757419e-07
6.495922536105928608e-07
6.244974327587201430e-07
5.976858562924155228e-07
5.753957354399738120e-07
5.532377378689823695e-07
5.347732909585198871e-07
5.165977325896514896e-07
5.011590383700753916e-07
4.849778793882944362e-07
4.696424940745679727e-07
4.559309028193987852e-07
4.424978688807161592e-07
4.297109861212237334e-07
4.183238667221928884e-07
4.077336985220699545e-07
3.966849217280488919e-07
3.876876009510162755e-07
3.779494426522081236e-07
3.695451955129551696e-07
3.612293537577182413e-07
3.524024862803488712e-07
3.433119676519657164e-07
3.353180217823672579e-07
3.275481359615591629e-07
3.209179112689364384e-07
3.137415489979812654e-07
3.075639675783062653e-07
3.021761814253918445e-07
2.974945263031674442e-07
2.909738205006991788e-07
2.838392565691038947e-07
2.801015380242716703e-07
2.756037538028198009e-07
2.705572632027170400e-07
2.652558422327917976e-07
2.594937641707257887e-07
2.555266328271666076e-07
2.504379893631621687e-07
2.457801930677530867e-07
2.417552343849798478e-07
2.373288196147511541e-07
2.340739099477008505e-07
2.300421802902826717e-07
2.268463688090936037e-07
2.243365994230456890e-07
2.215649109995114544e-07
2.172364392681775445e-07
2.138982472796977139e-07
2.110162020813492890e-07
2.084200115268117409e-07
2.059821844101124984e-07
2.030756198603464845e-07
2.011282083305053602e-07
1.985349448372545931e-07
1.955723207941375615e-07
1.922021854011571850e-07
1.908874851698763946e-07
1.885916180790621508e-07
1.870581806031906353e-07
1.847249228412259968e-07
1.832171085543496989e-07
1.804298135325645193e-07
1.777526568462362993e-07
1.762143051797672716e-07
1.736213409628212188e-07
1.722382004287537787e-07
1.714059586982748501e-07
1.691305024778375445e-07
1.674750018232052349e-07
1.661768348413133570e-07
1.637076915793850844e-07
1.625543374286402479e-07
1.612562671682568090e-07
1.589549321050706001e-07
1.582285153056342576e-07
1.574067553693916631e-07
1.564482214957624614e-07
1.553499462162626132e-07
1.544171355688263908e-07
1.529229858957581709e-07
1.523564986632717942e-07
1.520605520319855956e-07
1.515926608662840577e-07
1.495878126322209801e-07
1.488375093523965613e-07
1.481348901618278092e-07
1.470302467935783186e-07
1.466231683550103044e-07
1.455133633470001831e-07
1.443086119717462308e-07
1.433157088278845074e-07
1.423085402934051252e-07
1.418590215102250097e-07
1.414421140356666187e-07
1.409213146024187483e-07
1.405725720966691770e-07
1.400445640662920155e-07
1.395231897464416922e-07
1.391964442435140252e-07
1.390862080348161699e-07
1.388274439490436615e-07
1.387456554048040960e-07
1.383114177709119797e-07
1.381198384132528596e-07
1.380265621682226178e-07
1.378550764912762212e-07
1.377113777973010481e-07
1.358610807776098362e-07
1.351384606814258067e-07
1.345059304708353979e-07
1.339650104779740536e-07
1.338003272342363889e-07
1.327871055698529497e-07
1.323718225959325763e-07
1.317246068715653740e-07
1.312666014759732128e-07
1.308948534541745446e-07
1.305533311666082845e-07
1.304159151846290725e-07
1.291527341087906682e-07
1.291054142113481769e-07
1.285171616784410847e-07
1.283202605662022610e-07
1.281212670552583139e-07
1.280880185757136972e-07
1.280031725498561494e-07
1.273234830614264718e-07
1.270697771678748601e-07
1.269755814336548496e-07
1.264819363707425227e-07
1.262196410462445539e-07
1.261124964644298431e-07
1.260147082127965735e-07
1.258481295048285606e-07
1.255779275316432613e-07
1.253130992496066537e-07
1.247378442110666128e-07
1.243088594108875264e-07
1.240964456297586478e-07
1.239936042255900843e-07
1.237146781437300194e-07
1.235461339012083467e-07
1.233658711423286960e-07
1.230996683798710071e-07
1.222723563077803193e-07
1.211092950197582751e-07
1.210903217896287112e-07
1.209729500036635875e-07
1.209268771220515304e-07
1.208136313041771784e-07
1.206459144520382827e-07
1.206083178641638202e-07
1.194751569068699615e-07
1.193626738510131946e-07
1.192624932937977332e-07
1.189311201149639503e-07
1.185503602041672153e-07
1.184200099953218445e-07
1.183187397800552547e-07
1.179053307823563985e-07
1.178357961957078343e-07
1.178196880091502574e-07
1.177238137032448949e-07
1.176637493110697960e-07
1.173973522309938343e-07
1.171002582175342794e-07
1.170660342856066076e-07
1.170359578140233912e-07
1.168200977582359466e-07
1.166946422118688792e-07
1.167011055946562688e-07
1.165677860150529599e-07
1.163929373186822483e-07
1.163272259734782131e-07
1.163612164657775628e-07
1.163121989354446248e-07
1.162731456135863870e-07
1.161384155707536043e-07
1.155730053558168527e-07
1.155087027392201021e-07
1.150775364269273603e-07
1.150382452768833339e-07
1.145893130388652648e-07
1.140239947911462367e-07
1.140395277251960579e-07
1.139235172695539581e-07
1.136648163855608875e-07
1.136147925548098116e-07
1.135759138956515129e-07
1.134607165564223370e-07
1.131493550964274420e-07
1.130706119380695724e-07
1.128765429654402836e-07
1.125074648019688276e-07
1.124918706878957627e-07
1.123655896602233709e-07
1.122822219367380842e-07
1.120128631186146074e-07
1.119792000172593259e-07
1.117605895907724815e-07
1.109162106727881647e-07
1.106514061443665416e-07
1.105408640818874726e-07
1.103512839813139415e-07
1.103422391336181005e-07
1.103096529778538984e-07
1.101965341548214309e-07
1.101357955538456995e-07
1.101848629547117784e-07
1.101551665194541940e-07
1.098815624609667683e-07
1.097490323105317770e-07
1.096229797013562157e-07
1.093825081775563396e-07
1.094288134441835911e-07
1.093796979503995046e-07
1.094318934203501114e-07
1.092799948106839457e-07
1.089432411662211092e-07
1.088427447627869329e-07
1.082517463680003864e-07
1.082277552056091807e-07
1.081643750055964381e-07
1.081495694403695413e-07
1.080393208865763379e-07
1.079885192616174058e-07
1.080257946305001159e-07
1.079387715458500286e-07
1.078387133648433962e-07
1.077876132491178536e-07
1.077177187638616918e-07
1.074092087898307801e-07
1.072158033869750078e-07
1.070666976508272423e-07
1.070194575291826861e-07
1.069849954268166826e-07
1.062131891871093103e-07
1.055459411153247090e-07
1.055225138236540487e-07
1.054084355969455858e-07
1.054577171155259861e-07
1.054270744702825246e-07
1.054193290685006147e-07
1.054220905306603295e-07
1.052336872110853393e-07
1.051366533594971235e-07
1.049232905422351547e-07
1.043884395671243444e-07
1.043222735366827591e-07
1.042212948166087795e-07
1.041970734204050338e-07
1.041289097074877827e-07
1.040315818803318408e-07
1.036709411528200168e-07
1.034289116369490438e-07
1.032504538691347668e-07
1.031586897549520627e-07
1.028107717112082857e-07
1.022183937509733680e-07
1.020446955431801039e-07
1.018059566523230528e-07
1.017704145873266340e-07
1.016617527383337528e-07
1.016371988691188837e-07
1.016124719498763904e-07
1.015158516450744542e-07
1.014951166753850893e-07
1.014818559777009731e-07
1.014559344813479434e-07
1.014379113357716883e-07
1.012317285673102249e-07
1.013169026950249523e-07
1.012385888041551983e-07
1.012239275144210622e-07
1.010149784384000282e-07
1.010607096995655144e-07
1.009604360367638691e-07
1.010106042215763643e-07
1.008192629640313535e-07
1.008594893793753405e-07
1.007270350604532912e-07
1.006607023191980612e-07
1.005911051136120008e-07
1.006127569593718605e-07
1.005902371647439797e-07
1.005716255383994845e-07
1.004533584080140183e-07
1.004805068652500514e-07
1.003675949761681084e-07
1.003752795906785880e-07
1.002317810180130491e-07
1.001722495803979027e-07
1.000772013475658529e-07
9.998750237138870465e-08
9.983182316494247106e-08
9.978109307489097899e-08
9.962436466015862216e-08
9.923456207246452978e-08
9.897573655156472816e-08
9.897544856152459238e-08
9.889671166800513483e-08
9.885745490208850282e-08
9.861436021380704515e-08
9.849968101282247356e-08
9.850000297646207890e-08
9.836263766256301388e-08
9.831766005656887517e-08
9.831530579258114161e-08
9.828401939801823876e-08
9.817474669708120483e-08
9.814003084069219787e-08
9.811015058984184630e-08
9.803021586986559125e-08
9.804403425031297156e-08
9.798654019614080363e-08
9.761234379296879397e-08
9.758737398241302088e-08
9.756310926351403756e-08
9.747934940582569188e-08
9.737670985742206006e-08
9.738118124338121770e-08
9.728729867651998580e-08
9.733471909322815607e-08
9.716710202142805280e-08
9.730769661571793326e-08
9.713266232560979320e-08
9.712071339306925670e-08
9.685506487885921428e-08
9.685089425334636086e-08
9.686406594241426743e-08
9.685338432037811935e-08
9.662281780283801287e-08
9.658311644893277844e-08
9.652190872099282289e-08
9.647837496134584584e-08
9.633268097096671553e-08
9.636317080520219401e-08
9.614482732154384415e-08
9.615281168200290105e-08
9.602590524116380801e-08
9.574140334744778271e-08
9.535171120254355361e-08
9.495183422226114975e-08
9.454640575872105901e-08
9.437782368931117031e-08
9.431416734356565939e-08
9.416933957329537730e-08
9.374913532078577795e-08
9.374686718813765726e-08
9.346143102945033700e-08
9.333911590849907741e-08
9.330815382506042616e-08
9.326556631926664637e-08
9.317167963292898077e-08
9.312548966651550449e-08
9.258714402806966610e-08
9.261428105593618798e-08
9.240194003552164010e-08
9.238004206853031649e-08
9.212916813425096799e-08
9.194031707364682795e-08
9.180328820261417606e-08
9.159274713172734829e-08
9.169527472222500111e-08
9.141738513542178556e-08
9.153142495769177035e-08
9.143295516201256533e-08
9.136579677576659956e-08
9.132553993904285599e-08
9.119068319865504804e-08
9.112707419248643377e-08
9.113092557857524128e-08
9.102369441531520622e-08
9.092371764197366229e-08
9.065710130659978620e-08
9.044283790905358865e-08
9.014506021761844432e-08
8.998098966435736499e-08
8.983019905922537575e-08
8.982990635532809213e-08
8.962946710810614146e-08
8.936754247582221678e-08
8.932043345084731928e-08
8.931054304526944563e-08
8.912792286792559463e-08
8.924662055093445172e-08
8.904263878125499809e-08
8.917987698365764972e-08
8.898260750335003093e-08
8.878415569442046937e-08
8.874164759121015545e-08
8.867655779529203393e-08
8.869197638207450324e-08
8.868606082525674607e-08
8.866085058330278127e-08
8.863180820239657804e-08
8.859706114994184389e-08
8.854790326140881875e-08
8.851101172250312069e-08
8.840870867985210294e-08
8.841939353192507267e-08
8.841398685148331358e-08
8.827320617647480663e-08
8.806272683827230832e-08
8.790787333331810358e-08
8.783077593602672049e-08
8.781004950602142259e-08
8.769798231361855091e-08
8.771179393844908567e-08
8.764827305609134506e-08
8.766233513642086860e-08
8.766945458502337725e-08
8.747238125594622154e-08
8.742986162050771811e-08
8.756131660240024391e-08
8.741836438865952522e-08
8.745606746216852321e-08
8.728679856955097675e-08
8.688437719376626776e-08
8.674536018708306441e-08
8.664020416439926064e-08
8.664719961627270632e-08
8.670063384738489812e-08
8.649547113709705621e-08
8.626144031282088958e-08
8.622836818942694880e-08
8.605488569725318822e-08
8.602481006940809325e-08
8.581021686319830781e-08
8.574503922367681131e-08
8.581034303371079850e-08
8.558205599561842723e-08
8.539039334013634547e-08
8.528219907022586335e-08
8.525999017229757966e-08
8.524311645395510714e-08
8.497461771783260826e-08
8.487352072320190723e-08
8.492219948256130562e-08
8.477052850757048479e-08
8.484813339125866564e-08
8.465926630463807558e-08
8.451818923343382337e-08
8.410647907871031430e-08
8.416187870714479790e-08
8.415299414981711682e-08
8.417701343030803092e-08
8.425723120401561671e-08
8.412591853721860507e-08
8.414777999531604298e-08
8.408106297819409021e-08
8.419466607330530169e-08
8.413282910195627535e-08
8.408001456546707936e-08
8.405785995041878654e-08
8.405154056561977935e-08
8.392810942779742499e-08
8.394251705723234290e-08
8.403137749915573256e-08
8.381037169997295625e-08
8.393851887046048226e-08
8.364897949349157276e-08
8.364151707391169498e-08
8.331384344682802507e-08
8.331492873251031304e-08
8.310856389136961262e-08
8.315839395034716266e-08
8.306383721423068580e-08
8.319486674830427103e-08
8.291719166886016760e-08
8.312395898373337470e-08
8.292368922309062979e-08
8.330354322683158443e-08
8.285821099631326027e-08
8.316136544177470544e-08
8.281954653482265521e-08
8.299898767668791819e-08
8.307112834452673803e-08
8.293276567344659439e-08
8.278889756194545152e-08
8.267151101774626704e-08
8.269325831619392595e-08
8.248551005121756526e-08
8.243741870579013035e-08
8.246901621075883121e-08
8.217757084950616267e-08
8.228204137590791319e-08
8.197830952222376787e-08
8.227519098655457475e-08
8.206911086123289267e-08
8.221662826455286222e-08
8.210206311753431143e-08
8.217064292905008885e-08
8.205631738889573783e-08
8.191380996851176241e-08
