1.350970012782333736e-06
8.350260436020696155e-07
6.476036520974847720e-07
5.435422594065480189e-07
4.681781636462820699e-07
4.081029704714116161e-07
3.671028941653475689e-07
3.224553338557784051e-07
2.883871643656404456e-07
2.642066978796170250e-07
2.436241024248966718e-07
2.271502235979488610e-07
2.161576197793972242e-07
2.056197311308178739e-07
1.964648939220744167e-07
1.894781376475937906e-07
1.829408617985588619e-07
1.779100880336813498e-07
1.742424559545507193e-07
1.697845474273238131e-07
1.664494456430839406e-07
1.543806354935867288e-07
1.518776023613185704e-07
1.475091807166799157e-07
1.456435656686466314e-07
1.435476231218585455e-07
1.430641532510026387e-07
1.415797587521500868e-07
1.411123534855263362e-07
1.408850336037324951e-07
1.405733981683630568e-07
1.403220696181346443e-07
1.400623072515407032e-07
1.399566564344463056e-07
1.399022771744423359e-07
1.397983108592960571e-07
1.397272546257996272e-07
1.396602693688182797e-07
1.395769167017855567e-07
1.395229719686398780e-07
1.386127005031827236e-07
1.378784486478867095e-07
1.357303620814648509e-07
1.346350125183043885e-07
1.338482031144485412e-07
1.329489572794500769e-07
1.282320860721434909e-07
1.273093813886886471e-07
1.270530934806362325e-07
1.268122806888863580e-07
1.267831992500354026e-07
1.263507703562099953e-07
1.263706573251272576e-07
1.263378043225387443e-07
1.263194451335078581e-07
1.258039899986638018e-07
1.255466481930439433e-07
1.253191595005282656e-07
1.248534076867437481e-07
1.245105994333415763e-07
1.240291559961541149e-07
1.238652806891414144e-07
1.238561635913598139e-07
1.237962883009703058e-07
1.235126773161062061e-07
1.234499332223047024e-07
1.229401979836787517e-07
1.228328566927384108e-07
1.213382612997140502e-07
1.208818409283888591e-07
1.207906202012559654e-07
1.206364399694296052e-07
1.201203416737924343e-07
1.200730686988915181e-07
1.200182563897322058e-07
1.199926920378620309e-07
1.199816653310660015e-07
1.199368275865547567e-07
1.199590027218155402e-07
1.199211111061117460e-07
1.199225607528410041e-07
1.198940399941475194e-07
1.198845022819866761e-07
1.198362357422703182e-07
1.197724467325843158e-07
1.196959316130342224e-07
1.194098690324691649e-07
1.193177748516761015e-07
1.191971578045548196e-07
1.190045977135970080e-07
1.189638044241809009e-07
1.188564686680429139e-07
1.187249039808755662e-07
1.174251757703666126e-07
1.173640583194820374e-07
1.172649922321596166e-07
1.171766137817172739e-07
1.169473912891485507e-07
1.167675817295255679e-07
1.167050569367076403e-07
1.166754874099034074e-07
1.165195491260392625e-07
1.163014800004825948e-07
1.162487413381026616e-07
1.161987975937534054e-07
1.162230711859967495e-07
1.160632409872659308e-07
1.158029169833073213e-07
1.157889963053910628e-07
1.157911285437015770e-07
1.157861666459055119e-07
1.157607727377928089e-07
1.157799848156611795e-07
1.155982225800325701e-07
1.155065528341285916e-07
1.154452904314700788e-07
1.154000850789343965e-07
1.151715345496729761e-07
1.150209953886133062e-07
1.148874465352095119e-07
1.148374360537901701e-07
1.146175812915034405e-07
1.146000708842427833e-07
1.145350868589950448e-07
1.145132611094875796e-07
1.145152588453832178e-07
1.142923743396555221e-07
1.141576173910628257e-07
1.141083166786676921e-07
1.140136926472542830e-07
1.139780800113128287e-07
1.139115687128123736e-07
1.138196526746100381e-07
1.136836650010071253e-07
1.127581397648690152e-07
1.125819760063029583e-07
1.124434430858373812e-07
1.124619786968987043e-07
1.123524731144573861e-07
1.123835971247365099e-07
1.122961086577028424e-07
1.122993285800147745e-07
1.122028623625073552e-07
1.122380829731963163e-07
1.121399732261643134e-07
1.121575751395459097e-07
1.121122124607882987e-07
1.121237322937771643e-07
1.120519664037620495e-07
1.120463888872419594e-07
1.120509493522958281e-07
1.114509537994522460e-07
1.110848833446689336e-07
1.111231071306941128e-07
1.110879472814805642e-07
1.110813816782458495e-07
1.110314323151987363e-07
1.110385993665680866e-07
1.109081582284844842e-07
1.106455039537350978e-07
1.105873237319387092e-07
1.105444711197517860e-07
1.104531380555299323e-07
1.104201027538039399e-07
1.102308201804842303e-07
1.101941077889550132e-07
1.102069296489138957e-07
1.099380750817226740e-07
1.099174457868142553e-07
1.097840798730121435e-07
1.098439214784934965e-07
1.097606981245762745e-07
1.096520251909815306e-07
1.095889063968061558e-07
1.095638816117021998e-07
1.094537985809924224e-07
1.095598774494300572e-07
1.093385136097338257e-07
1.093672046038042879e-07
1.089990738595866329e-07
1.088233543796959204e-07
1.086008142480552607e-07
1.085997876982495996e-07
1.085498068701737818e-07
1.083877733221262870e-07
1.084286524315850110e-07
1.083115338501826234e-07
1.083089240984849935e-07
1.082818986145546471e-07
1.082207904374148079e-07
1.078973169215951117e-07
1.077466612484306140e-07
1.077747291655223679e-07
1.077744716519284211e-07
1.077481615619210697e-07
1.076447282030023527e-07
1.076019704253815839e-07
1.076944670729456681e-07
1.075999607707087650e-07
1.075371003514201501e-07
1.075977595749052373e-07
1.074996727480337657e-07
1.075458524136569917e-07
1.075020501647271177e-07
1.074843786560342898e-07
1.074910579589040705e-07
1.074804597104635795e-07
1.074737733658214304e-07
1.074876128107156799e-07
1.074546797961686637e-07
1.074616037442535878e-07
1.074485734667904714e-07
1.074339092032406540e-07
1.073812509406182766e-07
1.073425442455538826e-07
1.073409457039184661e-07
1.073504353221401639e-07
1.074277940908560971e-07
1.072873901928657609e-07
1.073621223114386073e-07
1.072382012098457407e-07
1.072067610201306065e-07
1.071165978217152114e-07
1.071031374276968958e-07
1.070632693790091343e-07
1.071191586375433809e-07
1.070217066036000020e-07
1.070711104567544518e-07
1.069841475346955740e-07
1.069079620751462233e-07
1.066005929153926007e-07
1.066407628356141014e-07
1.021986923544481054e-07
1.021749771912729131e-07
1.021353016782266670e-07
1.021199266780287648e-07
9.995171400610696405e-08
9.957066988952063844e-08
9.953818344180694883e-08
9.966569508091795009e-08
9.960581993556871259e-08
9.951302112216816668e-08
9.937679110479536619e-08
9.930544137296062375e-08
9.921613116506159356e-08
9.922725425556012433e-08
9.854888607916201968e-08
9.799180414197034392e-08
9.799408480930710317e-08
9.787352104811565658e-08
9.780840868879907551e-08
9.776348908794138293e-08
9.781812862522532355e-08
9.772890560818827826e-08
9.779336700489921421e-08
9.764424947107029363e-08
9.777949101657853842e-08
9.765353244784159742e-08
9.771161918322394944e-08
9.769114294545069472e-08
9.764833034242190447e-08
9.744024934421082454e-08
9.762409918091185419e-08
9.755341718420852066e-08
9.754614627894375760e-08
9.744703768250239649e-08
9.740857255887243603e-08
9.342255088993851214e-08
9.341052500675299591e-08
9.313838471692070584e-08
9.302351119011029749e-08
9.304889520146620868e-08
9.286050895791142832e-08
9.296660990954935116e-08
9.279617049460520978e-08
9.292700491494582238e-08
9.261895638692499732e-08
9.267586386017467154e-08
9.248641234556101139e-08
9.237400867821244480e-08
9.239319929614550169e-08
9.233049330778212215e-08
9.247267880745004565e-08
9.243349988878577028e-08
9.247463686526643225e-08
9.236934491475762730e-08
9.243267711313854564e-08
9.244975410603687002e-08
9.234317540875910295e-08
9.228463683913505186e-08
9.221254393805312567e-08
9.242130751445713977e-08
9.202123383339144070e-08
9.223504219430390388e-08
9.220327724665449287e-08
9.207148341617707491e-08
9.186548813264744315e-08
9.186452367422540062e-08
9.187827362138658113e-08
9.198049901383481810e-08
9.190425815278561576e-08
9.175879482504941328e-08
9.176800532865249908e-08
9.173099055140893883e-08
9.162085051007061027e-08
9.171060582963588606e-08
9.156477170778331432e-08
9.168601818593871748e-08
9.153458320250440335e-08
9.146558179166573408e-08
9.130179292844523355e-08
9.138633305764937884e-08
9.126328071179010620e-08
9.096994936627726957e-08
9.097379720270945930e-08
9.087657459647958595e-08
9.092069490713958217e-08
9.062000502133321805e-08
9.063741975926076362e-08
9.089133089214561337e-08
9.045857631970940964e-08
9.018261800375816436e-08
9.052564166173627861e-08
8.980123737200242853e-08
8.912322671212441755e-08
8.830415320205205345e-08
8.802908849433067985e-08
8.825649955963175977e-08
8.801812605251212012e-08
8.762868075397204522e-08
8.774396670057212680e-08
8.757783917475659852e-08
8.741292907726470150e-08
8.763818699998538575e-08
8.737320617240396484e-08
8.706416341708812912e-08
8.695092712816468305e-08
8.670155453633264746e-08
8.686797241303130263e-08
8.667846727348712965e-08
8.683099967246749185e-08
8.666212961053519761e-08
8.668432107591341903e-08
8.655301969482171919e-08
8.664405775749175747e-08
8.615857711502316823e-08
8.641525288328688134e-08
8.625027226271460279e-08
8.602568476799141666e-08
8.647269530788255474e-08
8.617212942646153147e-08
8.627829401559097263e-08
8.637975097953674935e-08
8.575725320194387398e-08
8.613576987895640836e-08
8.593640203316796904e-08
8.602684788380171528e-08
8.597367284046226199e-08
8.571795953309118074e-08
8.515935476781928839e-08
8.554188886185768148e-08
8.505732923852021058e-08
8.523278815566208183e-08
8.531055077072267458e-08
8.507200280109084934e-08
8.488555454824728304e-08
8.490766730315085985e-08
8.495035621352341112e-08
8.537106620765824510e-08
8.510408773378431484e-08
8.477878851115844949e-08
8.426867054931568185e-08
8.370531370871685231e-08
8.401042239276394131e-08
8.405990592179555510e-08
8.322194598503142402e-08
8.298191005868178013e-08
8.250122400813187097e-08
8.268680452430016765e-08
8.214583157055878160e-08
8.234399337208978189e-08
8.191743892180007458e-08
8.215528671869205229e-08
8.203826992352512397e-08
8.222952736171350267e-08
8.208205962503064999e-08
8.177209346691009639e-08
8.113777123312307935e-08
8.113247615519718265e-08
8.110504931055984212e-08
8.057057723260725281e-08
8.126709246829940856e-08
8.077852959370569206e-08
8.070972735827822276e-08
8.044942405185119873e-08
8.076886021691093199e-08
8.077856286314016309e-08
8.112428514260258311e-08
8.067498384113729749e-08
8.055026906456532434e-08
8.035536009368606871e-08
8.022253358133443785e-08
8.042209657582973431e-08
8.060845107522717756e-08
8.086439904271961053e-08
8.007897466007441594e-08
8.029302234228773796e-08
8.010330861402846880e-08
8.036017569112045206e-08
8.037424678891345858e-08
8.036590355173964485e-08
8.073437213752602920e-08
8.086362390835946699e-08
8.138672933942003410e-08
8.068925735889231458e-08
8.072076716610883922e-08
8.029103813586694974e-08
8.002112289515258940e-08
8.033136074205337991e-08
8.015895710368761869e-08
8.054412994300100053e-08
8.026587066055262582e-08
8.035660214019169024e-08
8.101369883721612959e-08
8.000526202768472085e-08
8.091266698574718940e-08
7.889881292519974522e-08
7.904622785990420328e-08
7.908238252956756852e-08
7.904568634157719733e-08
7.940329587968349759e-08
7.941814750141953048e-08
7.879209800024269465e-08
7.986016525737403623e-08
7.873612844755369258e-08
7.884534984043825083e-08
7.934474913826745090e-08
7.885526439661684314e-08
7.939112966349959930e-08
7.923307378770619610e-08
7.969428827027849702e-08
7.886986858949595629e-08
7.893029797159191957e-08
7.828343616696379303e-08
7.962140553824115260e-08
7.967972089033959734e-08
7.845131835427192158e-08
7.951848133689517425e-08
7.946368773959787452e-08
7.995200427389455035e-08
8.001955624154903601e-08
7.871105038146350323e-08
7.883708563576713810e-08
7.977811695417841830e-08
7.919724822273891123e-08
7.981595439239584462e-08
7.977669885996323933e-08
7.972930568319302530e-08
8.015697714958692208e-08
7.906112465158147988e-08
7.893199115539196820e-08
8.090373742057433769e-08
8.159062682931944923e-08
8.292575238000138473e-08
8.266262330789733597e-08
8.272125686469847342e-08
8.368169112692600640e-08
8.311717913937691886e-08
8.366492384097850168e-08
8.367401788079850700e-08
8.366975054518952769e-08
8.285982723023249847e-08
8.431959466014779284e-08
8.313069748237621519e-08
8.228133465934924100e-08
8.300749617767113892e-08
8.639009321410467808e-08
8.355772749306665516e-08
8.576242574872719386e-08
8.369747566178980715e-08
8.597993566267328360e-08
8.583120395023958865e-08
8.584233934646743930e-08
8.631271236482458220e-08
8.784865541646275438e-08
8.471384319273260593e-08
8.468525837900775410e-08
8.492244208849061690e-08
8.667691348312333811e-08
8.499851086885328521e-08
8.620647146474570876e-08
8.801159909129775934e-08
8.661998310315321611e-08
8.734754991408304390e-08
8.857259092962263348e-08
9.413659448388763597e-08
9.330403179841011232e-08
1.008373620022013670e-07
1.017292370516919823e-07
1.088422651876853731e-07
1.015230754018104166e-07
