8.539979166862982362e-07
6.930032155364096476e-07
5.839730522071765438e-07
5.069488665308793678e-07
4.413264374480525707e-07
4.033239182359938207e-07
3.733656439092623783e-07
3.589999685698943167e-07
3.459389480180998052e-07
3.369025481589539224e-07
3.339447937100959435e-07
3.330150532398254691e-07
3.282839215956671930e-07
3.138269127575424540e-07
3.109300381529510929e-07
3.076848081633542581e-07
3.068434287724792853e-07
3.067724115476538084e-07
3.063475493165842185e-07
3.073704534266584176e-07
2.991706177336394948e-07
2.978046604713820371e-07
2.985378368467664596e-07
2.989100524366609935e-07
2.993246388354815344e-07
3.002826418124948986e-07
2.988263365684306618e-07
2.992073861332712485e-07
2.952372165204134442e-07
2.943384516359142929e-07
2.953435625851390422e-07
2.943949207187488919e-07
2.955877341165142002e-07
2.947410956677043785e-07
2.958440378974714967e-07
2.910393709733254887e-07
2.918936072320724263e-07
2.898780611336187655e-07
2.889244568813063223e-07
2.895466934637744309e-07
2.883023063620018784e-07
2.907359896558489588e-07
2.891504028070542569e-07
2.900368391476499559e-07
2.870012369503404730e-07
2.874186553389805277e-07
2.859295511130251442e-07
2.854071443656527170e-07
2.846246348956075257e-07
2.868588052132599951e-07
2.848530770700895456e-07
2.851649111735127083e-07
2.863149224863940998e-07
2.860048322678394397e-07
2.875618094303190611e-07
2.857152279030623146e-07
2.822702686772317646e-07
2.824356494089835845e-07
2.817128254978705907e-07
2.808279489804425175e-07
2.818868223892251961e-07
2.846710852506276647e-07
2.845772968463173197e-07
2.790105957046277525e-07
2.825330275368147518e-07
2.795748434600745744e-07
2.815190649629888874e-07
2.796499151483346353e-07
2.803314509240541712e-07
2.806206126102098184e-07
2.815751810569650832e-07
2.816378618669883511e-07
2.859700769675122371e-07
2.832311050522373827e-07
2.844723046044095698e-07
2.821298245812083816e-07
2.811747491752147912e-07
2.811975600263949692e-07
2.824525242477208092e-07
2.806710824452601721e-07
2.831094537515621429e-07
2.834342296627799669e-07
2.849951068004103010e-07
2.785088606799486221e-07
2.816056810794733905e-07
2.794491666589965263e-07
2.808846648730334597e-07
2.796250461098182970e-07
2.786173369953165076e-07
2.818223885556336008e-07
2.798235837158233095e-07
2.828845575517512955e-07
2.831320861933601168e-07
2.800272410054004149e-07
2.802460788574781327e-07
2.802614092578834941e-07
2.798112549920051888e-07
2.854020980476938197e-07
2.814931136438524851e-07
2.806225879379142835e-07
2.813673810392195973e-07
2.820921288499166678e-07
2.769987232328195841e-07
2.750452999595132166e-07
2.761416356595274192e-07
2.731528429822844883e-07
2.743781997538852411e-07
2.732591050327324590e-07
2.743207042828698259e-07
2.744263376999406500e-07
2.764015599667254301e-07
2.723696384057023717e-07
2.723313511434905920e-07
2.754629889161203351e-07
2.712119428853100567e-07
2.706660198192286003e-07
2.726078736981802649e-07
2.716138510743061522e-07
2.707618561986393177e-07
2.714747107249324804e-07
2.694438086240167481e-07
2.707087488428956460e-07
2.684909753486742642e-07
2.701476746100566338e-07
2.697066231932109978e-07
2.711101977886720830e-07
2.703218020542551866e-07
2.718551619378199732e-07
2.688290595865224920e-07
2.694672078773876136e-07
2.680983244494932076e-07
2.705690666654125334e-07
2.690010023501766240e-07
2.656452341812968368e-07
2.677748251044679097e-07
2.690397777628724062e-07
2.681004778369468049e-07
2.690368949836031282e-07
2.697594407904920505e-07
2.683693166355675926e-07
2.720734371236802048e-07
2.728758046118290682e-07
2.701243243817245047e-07
2.674498930636188034e-07
2.614435958116232725e-07
2.690101880383786841e-07
2.612669308156003391e-07
2.647154333152511119e-07
2.638907793229450583e-07
2.614925088640271145e-07
2.650181227381670752e-07
2.634498915481940274e-07
2.615057653417174501e-07
2.661193700291710150e-07
2.619758967134957772e-07
2.645487684830527792e-07
2.596454778027083780e-07
2.618195361997982463e-07
2.603704026172978363e-07
2.601390016879261473e-07
2.601985209759287487e-07
2.620369840940844500e-07
2.583032010264303345e-07
2.655884818927094968e-07
2.587246437597824501e-07
2.657143374722848963e-07
2.601567090928501053e-07
2.649033150527866211e-07
2.652162275086251930e-07
2.613113957520363824e-07
2.646195903720003448e-07
2.629241015190856408e-07
2.577928852051830020e-07
2.551264199881364227e-07
2.538133922746825049e-07
2.621823435985900956e-07
2.534501916272489023e-07
2.655276014388367079e-07
2.666679103560769615e-07
2.651487418662965950e-07
2.620273139805423514e-07
2.625067023659967826e-07
2.662723197352634123e-07
2.666487741140994359e-07
2.653597584840000895e-07
2.674514742186746606e-07
2.693983494110554643e-07
2.659367875402859501e-07
2.705723815874333117e-07
2.763827212655179500e-07
2.774614781110357084e-07
2.781167832880362356e-07
2.811375676391469250e-07
2.764809571262484894e-07
2.802177746994628431e-07
2.777901635491528575e-07
2.859259648144349808e-07
2.831030244646360570e-07
2.885327182736560327e-07
2.846625138216500363e-07
2.869285990449543042e-07
2.795764290152138062e-07
2.712736370155026926e-07
2.734839534463044960e-07
2.775658647245933240e-07
2.793654138142944123e-07
2.788850131321321036e-07
2.816765592358653007e-07
2.799287927190736962e-07
2.777422376221780583e-07
2.774566684505455937e-07
2.811849073871109377e-07
2.835381435474961006e-07
2.697740890090906449e-07
2.738363840464178102e-07
2.751874250337134408e-07
2.719917861220501512e-07
2.693029383351753572e-07
2.726322085671490044e-07
2.723638807932609972e-07
2.741235563897223513e-07
2.763460127783418002e-07
2.747020694256429292e-07
2.724905042427483156e-07
2.726278899608607209e-07
2.769019864846545730e-07
2.754668664234728824e-07
2.807786001427406761e-07
2.749132508248428562e-07
2.805112787884872399e-07
2.788951993162785465e-07
2.732043443046868232e-07
2.723259898744435812e-07
2.750799391665476308e-07
2.752645475060258684e-07
2.720074622434477148e-07
2.758934754220910463e-07
2.757927372986372801e-07
2.706152941133253844e-07
2.726981719368836969e-07
2.670120147795898085e-07
2.761689943171854839e-07
2.662037056268789542e-07
2.618176062862915733e-07
2.672253871834412768e-07
2.617799129571156823e-07
2.659100064346217096e-07
2.619469102500795433e-07
2.725712539022742695e-07
2.734196040435676314e-07
2.798357058460501050e-07
2.771276731675260407e-07
2.847856350525735278e-07
2.782775180640885483e-07
2.802402504254543596e-07
2.778883691492156220e-07
2.857751392002668098e-07
2.764707900228427254e-07
2.825217639849211835e-07
2.791307491327458943e-07
2.858030741017930964e-07
2.866852690594686734e-07
2.871550811076068361e-07
2.943439527242371678e-07
2.962832426623727350e-07
2.911012013490438232e-07
2.933367457749514522e-07
2.928359028317976082e-07
2.927336024079005658e-07
2.885822063414388378e-07
2.974117825455977639e-07
2.972678587667753842e-07
2.964822983761090354e-07
2.965500209949139529e-07
3.000542882358557754e-07
2.908999506319774443e-07
2.963942787459632584e-07
2.873386949652020419e-07
3.050823868591769669e-07
3.034069901356214910e-07
3.013950343519025618e-07
3.131744057017444918e-07
3.111917133150381182e-07
3.037007928844370362e-07
3.076519906914741796e-07
3.195749421098362736e-07
3.157801427378235848e-07
3.153855111567351243e-07
3.134968118373846801e-07
3.167816615713060396e-07
3.144374772685706507e-07
3.224619440505797266e-07
3.102753580762574157e-07
3.215368374441212054e-07
3.334830824331373936e-07
3.432509809121942005e-07
3.464501038372649485e-07
3.471121116995333535e-07
3.476823797635232289e-07
3.500548604322693831e-07
3.458573880874573719e-07
3.583333690295863829e-07
3.421702617193794638e-07
3.600756317114498252e-07
3.660676464912220198e-07
3.807626123424397786e-07
3.719808875579402462e-07
3.845273462561432105e-07
3.635922988771079770e-07
3.751390256990774338e-07
3.659419820915803516e-07
3.784992621880165692e-07
3.900944455311575250e-07
3.891744945340107370e-07
3.899286790801864624e-07
3.873103135383282584e-07
3.948464758607224191e-07
3.790115842259761935e-07
3.974664333040731312e-07
3.892154352056017874e-07
3.965900858656362495e-07
3.904060919571771094e-07
3.904537106092485813e-07
3.992455555715393995e-07
3.842356816232380095e-07
3.871182953037241482e-07
3.870293764855919764e-07
3.840649997620123209e-07
3.848896825995149501e-07
3.834714335705806522e-07
3.815558172196664045e-07
3.818264910091811506e-07
3.886841196927512128e-07
3.807300978256140017e-07
3.876732030622192305e-07
3.918357651135640731e-07
3.836676339745830168e-07
3.892019250299513092e-07
3.899619041854568090e-07
3.983437679028065846e-07
3.890426853201462077e-07
3.893142431894400528e-07
3.903200001856753565e-07
3.936748357581247891e-07
3.937422676272029583e-07
3.971207816485279960e-07
3.826213703645967172e-07
4.018248774503259039e-07
3.892137519159630893e-07
4.155728823334576878e-07
4.012392363698858873e-07
4.055552344179523235e-07
3.993587631520176483e-07
3.949189634923652593e-07
4.090119087464882509e-07
4.175689804230688750e-07
4.208679206492801965e-07
4.072721937654636555e-07
4.203106610531779446e-07
4.151163926627258990e-07
4.210998758167696796e-07
4.285408506837074828e-07
4.398978974742439100e-07
4.447953383371819940e-07
4.614485502251702893e-07
4.816357167638697051e-07
4.877953299381477623e-07
4.862800521463833480e-07
4.823065089740483113e-07
4.787360835948059010e-07
4.754545446703818488e-07
4.852686470663092521e-07
4.748682463895981046e-07
4.932212738318012608e-07
4.595372680097891467e-07
4.880577202449070617e-07
4.871705777592358277e-07
4.984840451210600762e-07
5.036818091365576115e-07
5.035549698268356104e-07
5.044915760246264630e-07
5.260809003232807045e-07
5.428747662376773065e-07
5.394798961284344451e-07
5.477754541843465291e-07
5.649642787042389734e-07
5.658402273682562222e-07
5.808898791132851974e-07
5.821369167530508101e-07
6.004184938448704309e-07
5.851288466036265373e-07
6.052950975814815034e-07
5.789777404620940809e-07
5.822781002009807881e-07
5.787169537065093821e-07
5.942711698365821413e-07
5.880451053360842037e-07
5.905826373723859867e-07
5.940667662792966139e-07
6.001671249879735684e-07
6.083361844451396707e-07
6.039419810564040097e-07
6.284390220070669882e-07
6.541887348395911510e-07
6.650410572786300595e-07
6.778414362865614713e-07
6.529554201827711821e-07
6.587349783329131462e-07
6.562910191438416525e-07
6.647079197706921932e-07
6.545775844034118817e-07
6.623814187042625146e-07
6.620368261344809246e-07
6.904316400333452411e-07
7.042799985561248252e-07
7.442286622838035818e-07
7.345333576667146693e-07
7.550228695155239701e-07
7.552279073237456256e-07
7.540426443813264011e-07
7.394599590699625811e-07
7.465524327146364093e-07
7.380219034683772525e-07
7.603162163352835989e-07
7.659595775707204885e-07
7.817568250723568935e-07
7.792750915955564430e-07
7.605439075132540997e-07
7.775654954937300625e-07
7.649439380776217921e-07
7.974034517922957773e-07
8.098261822663935164e-07
7.978690664783210244e-07
8.093193922367980809e-07
7.875039903106680199e-07
8.162853445366550984e-07
8.230468540606607123e-07
8.564813335124000035e-07
9.076909617973335428e-07
9.115557294354802942e-07
9.387273940144991515e-07
9.663014505655307945e-07
9.706186658054274499e-07
1.001859653973320647e-06
9.890112914970666320e-07
1.053811038810144654e-06
1.024047040907107724e-06
1.048516821503077144e-06
1.030318004498285967e-06
1.087468633364099230e-06
1.062874605109525717e-06
1.099511826294664481e-06
1.030229343854466859e-06
1.062437076189442529e-06
1.020169918475219923e-06
1.053387782820973435e-06
1.029905447179984592e-06
1.106634414486657090e-06
1.090294987474035308e-06
1.112903661045840588e-06
1.089573936362013219e-06
1.095458261726459113e-06
1.138633147731370658e-06
1.215031067070062702e-06
1.267505528817952483e-06
1.254792775368422045e-06
1.282317601297624498e-06
1.280269644790336633e-06
1.246282695576055086e-06
1.281199506751477909e-06
1.327839305552959814e-06
1.358357131993057633e-06
1.463137318168396155e-06
1.546719908993525555e-06
1.566464120751916046e-06
1.661418676433070872e-06
1.635651174461501860e-06
1.792141872090326555e-06
1.791809053042414389e-06
1.852357027135808088e-06
1.839796436939717131e-06
1.897945858685013102e-06
2.012540154843867555e-06
2.166263102343167034e-06
2.152927568353114286e-06
2.268585982935727829e-06
2.264027599827786774e-06
2.286687173404101220e-06
2.446136503909195563e-06
2.506609356309102562e-06
2.514339088744300266e-06
2.567319575255134724e-06
2.644633974035518475e-06
2.556219931862434300e-06
2.597907950602417008e-06
2.548966974840032983e-06
2.668002163121982935e-06
2.930575086664790834e-06
3.106487781213519076e-06
3.434375212207336693e-06
3.938870713305596416e-06
