2.199823182052047452e-02
2.028562923370432536e+00
4.024722452163833175e+00
6.081925602462106006e+00
8.191501405301490735e+00
1.031512417786217561e+01
1.226116550604505129e+01
1.386609091519358650e+01
1.524366351811229414e+01
1.668054554874313311e+01
1.821055378604474839e+01
1.982813880988037170e+01
2.160422914637352676e+01
2.340165006651752577e+01
2.528127177243796808e+01
2.701695539355998221e+01
2.905751028344781872e+01
3.114540866387774543e+01
3.326885801705916634e+01
3.459787319378080639e+01
3.648876715935416826e+01
3.834983299169221027e+01
4.063855101332286779e+01
4.278836011215410196e+01
4.462636116704847922e+01
4.632146465342010799e+01
4.811836531542628137e+01
4.964941406900356924e+01
5.131139445393363019e+01
5.300060168140988281e+01
5.503127166667906067e+01
5.718767070192279789e+01
5.926897914594040628e+01
6.073152724470400443e+01
6.212678862430880855e+01
6.347349257771652020e+01
6.493933564468633790e+01
6.683231064281102363e+01
6.839561540093345116e+01
6.983631265790837972e+01
7.125203752426757831e+01
7.339525668668630942e+01
7.590282996496225110e+01
7.838716504641543281e+01
7.977583648960768414e+01
8.210894987233285747e+01
8.397764615735901828e+01
8.575252255819724212e+01
8.728686627998072822e+01
8.903694370958257309e+01
9.136762922099785555e+01
9.346957457114915258e+01
9.546677461621828797e+01
9.694215574904819732e+01
9.852124167068473071e+01
1.001360519844519814e+02
1.016344978947254702e+02
1.030772761842516161e+02
1.045221355063290218e+02
1.066199187913777422e+02
1.086389696782354690e+02
1.107988371010646915e+02
1.128931519985278982e+02
1.148459566825025036e+02
1.171289518646170364e+02
1.195420115811879072e+02
1.215131987193657892e+02
1.230071357257781131e+02
1.247873881273737879e+02
1.264755548385743538e+02
1.278819150584527335e+02
1.298220601277402579e+02
1.322321717148635400e+02
1.343297815805328241e+02
1.365135808777021964e+02
1.385338457002149823e+02
1.406467164712607030e+02
1.423803190598314359e+02
1.444500084054376430e+02
1.467834686269212057e+02
1.487881257052991089e+02
1.505340410697982918e+02
1.521755579679738730e+02
1.538188090599422821e+02
1.552936699346342664e+02
1.567976652650447420e+02
1.581832151594101390e+02
1.596885978448547689e+02
1.610918365159063512e+02
1.625080816404034465e+02
1.639682018678572035e+02
1.654976898470209505e+02
1.677976801283043926e+02
1.701755357108823716e+02
1.728280875902323430e+02
1.748263281515768881e+02
1.764784236318882051e+02
1.782704685512745755e+02
1.800710110202456065e+02
1.818979132348663086e+02
1.835911091080657513e+02
1.852900278207813756e+02
1.875509987417280229e+02
1.899534798761630725e+02
1.923250923610873713e+02
1.941426299292273825e+02
1.962549804421352064e+02
1.984693015500566275e+02
2.003884628744517897e+02
2.017958636106058634e+02
2.041425037049145885e+02
2.055629108945142889e+02
2.070218171863131147e+02
2.084708385734932392e+02
2.106678177434872623e+02
2.125316582858934851e+02
2.148933858661990541e+02
2.171285172996335575e+02
2.193078076929414522e+02
2.216263538478077066e+02
2.236665618989370046e+02
2.251542558076955061e+02
2.267151326945080712e+02
2.286006506593238896e+02
2.308095957664876892e+02
2.333234121424168279e+02
2.355907995803962081e+02
2.372425482219488799e+02
2.389799660368634306e+02
2.408727676156087512e+02
2.430178943911993201e+02
2.453752864870231178e+02
2.477368406479491512e+02
2.501388015242467873e+02
2.522643319099798873e+02
2.545726463214685396e+02
2.568599769880651138e+02
2.590335445418575659e+02
2.611221365998043780e+02
2.631919993647895808e+02
2.652741749057038874e+02
2.673639808993060001e+02
2.698164068149720833e+02
2.720640244437144588e+02
2.743600260792745189e+02
2.767540096641252489e+02
2.787411513851962468e+02
2.802536442651909283e+02
2.818892649044709060e+02
2.836332726557976116e+02
2.852297005153615714e+02
2.868894264483609504e+02
2.894270012792511011e+02
2.913957605461190496e+02
2.937561007713903791e+02
2.960125627884758615e+02
2.985232576155785296e+02
3.009231374593244368e+02
3.031388459222802112e+02
3.053009677970399025e+02
3.074280589571861810e+02
3.094682670083154790e+02
3.115051800912387989e+02
3.129210783769771638e+02
3.148948668058441172e+02
3.172758439372484531e+02
3.196238713865913041e+02
3.212237676337406924e+02
3.227797887779335042e+02
3.245036798812649863e+02
3.266337191708582282e+02
3.290393218541206579e+02
3.313058421952035246e+02
3.329986912296445212e+02
3.346441967735431717e+02
3.366096610722050286e+02
3.384521710309606419e+02
3.402894784083380841e+02
3.426172157903056359e+02
3.449808509837831707e+02
3.474641455489614259e+02
3.498352377757477711e+02
3.520160889434698106e+02
3.541383243609961937e+02
3.562423507436987506e+02
3.583106527342710024e+02
3.600277804818108507e+02
3.618645676010504530e+02
3.641118383910343255e+02
3.663969146057004878e+02
3.681289564198577295e+02
3.699109430152464597e+02
3.716337936023016937e+02
3.735311040849081792e+02
3.751126178778545750e+02
3.770166917162529785e+02
3.793546608415979335e+02
3.816409509919186007e+02
3.841894512437033313e+02
3.865206570132563115e+02
3.889984021582969831e+02
3.911332971905105182e+02
3.934828854142668320e+02
3.955884725713823968e+02
3.974639322122000067e+02
3.994139621861062324e+02
4.018414157111569125e+02
4.043923438342518466e+02
4.065293198990166275e+02
4.084613142574783069e+02
4.099330535833436215e+02
4.114783227260210765e+02
4.130091980602189778e+02
4.145714623020658109e+02
4.162735025636085311e+02
4.177585951816776628e+02
4.194325415037775997e+02
4.217132822339615927e+02
4.240574944569600575e+02
4.263375415096268171e+02
4.285619209415465320e+02
4.308572288995897566e+02
4.334964274867355698e+02
4.359937690216340798e+02
4.379247228638203069e+02
4.402694553449568957e+02
4.421521985997045476e+02
4.441535607098757623e+02
4.462013992136933780e+02
4.483662957985213779e+02
4.503343613878723772e+02
4.519434488621233186e+02
4.540188610472453092e+02
4.560547336138927790e+02
4.582915992411200250e+02
4.606432684974279823e+02
4.628863772223096475e+02
4.651855004066965762e+02
4.674116140324088633e+02
4.697017194090740304e+02
4.719689334276740169e+02
4.742378816400683945e+02
4.762251967805188428e+02
4.778384463198726166e+02
4.803031850114678605e+02
4.826989027901119016e+02
4.851743934832219907e+02
4.876679197917765123e+02
4.901153165454454097e+02
4.927600645527288634e+02
4.952912228665863950e+02
4.972076094809128222e+02
4.992823279885186594e+02
5.015700054938739640e+02
5.036532215510634956e+02
5.053124272259247505e+02
5.072021072558437709e+02
5.096413532986850896e+02
5.120209430750559250e+02
5.143396626493018857e+02
5.165838118904594012e+02
5.188009077084485625e+02
5.208711173121926095e+02
5.228079674132742412e+02
5.245896071699035019e+02
5.268098245367199297e+02
5.285963200359693701e+02
5.302317672558706363e+02
5.322672929837578977e+02
5.346853818623279722e+02
5.369461793638955669e+02
5.392005603484300309e+02
5.410285030793255601e+02
5.432719586429653873e+02
5.455851287970741623e+02
5.474687391487182140e+02
5.491771959272946333e+02
5.511352031926460313e+02
5.529423355980293309e+02
5.546102122418557201e+02
5.563523123800107442e+02
5.582862143516443894e+02
5.607601442703411294e+02
5.632245361231779270e+02
5.656589264233997483e+02
5.683158137872326279e+02
5.707394520859382965e+02
5.726013850151731504e+02
5.745149969194317237e+02
5.763505701030176169e+02
5.786004421836910296e+02
5.809893966065429822e+02
5.832715246917612149e+02
5.856126153659333795e+02
5.876986061331919018e+02
5.897245937952205850e+02
5.917693107502110479e+02
5.940906316151443889e+02
5.965964706996271616e+02
5.990081430611637643e+02
6.007994943030336117e+02
6.026827578159179666e+02
6.043327722636781800e+02
6.059748094199918569e+02
6.080549039283546335e+02
6.099794412535076162e+02
6.118535135392913844e+02
6.141946042134630943e+02
6.164444762941365070e+02
6.186043437169659001e+02
6.208830034145989885e+02
6.230921219411421816e+02
6.247100538037366277e+02
6.263777570281826002e+02
6.287146856372519323e+02
6.310434635354960164e+02
6.336486719243036987e+02
6.362028950156047813e+02
6.383827056670496631e+02
6.405524579944983543e+02
6.430626325634633531e+02
6.455471410642958290e+02
6.475646311767402494e+02
6.498559504890606604e+02
6.519509590640404895e+02
6.544153509168764913e+02
6.566426784782439654e+02
6.590075276073761188e+02
6.612549718167397259e+02
6.634084227225348513e+02
6.651989068675068211e+02
6.675216150874749701e+02
6.700806939213953228e+02
6.725648555834693525e+02
6.745880685354313755e+02
6.767080495010288814e+02
6.786176727595637885e+02
6.805163705972047410e+02
6.822194513750234819e+02
6.839433424783554756e+02
6.863296956105172058e+02
6.883121550083495777e+02
6.907189716272652049e+02
6.929910413884854279e+02
6.952879101209426835e+02
6.974892247754177106e+02
6.998764450044772047e+02
7.022057431608575371e+02
7.042053710772363502e+02
7.060194402577915298e+02
7.080917308940860266e+02
7.100783523570203215e+02
7.120994842764283703e+02
7.142928216394581113e+02
7.165305543635819276e+02
7.187889239938397168e+02
7.208945111509555090e+02
7.229945488879342292e+02
7.251887533478596879e+02
7.268822960598176905e+02
7.287156147914720350e+02
7.307773268456312508e+02
7.328478832881338576e+02
7.348256603627235108e+02
7.367843613055930518e+02
7.391750499222372355e+02
7.413165348908639771e+02
7.434814314756919202e+02
7.458306728606891056e+02
7.483940871790908886e+02
7.507261600455395865e+02
7.532691108771865629e+02
7.556372549745257174e+02
7.578458532429305023e+02
7.601517397831098606e+02
7.625994833755337368e+02
7.649757781836983668e+02
7.672039728419620133e+02
7.690315687341002331e+02
7.708270820410725719e+02
7.730141763064481211e+02
7.755047544855556225e+02
7.779233636222629684e+02
7.801269327286698854e+02
7.826757798192137443e+02
7.849556534525013376e+02
7.874512607936075028e+02
7.896931555828332421e+02
7.915856103228197753e+02
7.941791996132152462e+02
7.966413370141206087e+02
7.987285417170335222e+02
8.007160302768631936e+02
8.029034713809978712e+02
8.049615416281924354e+02
8.068371746883888136e+02
8.084729687470471617e+02
8.101921775271384831e+02
8.120225481293452958e+02
8.139411891956032150e+02
8.164470282800871246e+02
8.189147151011306960e+02
8.213215317200462096e+02
8.235932546425085548e+02
8.257475726452017852e+02
8.281217864208149422e+02
8.306730613826674698e+02
8.330068684429098766e+02
8.354540917771981867e+02
8.379699891856796512e+02
8.404029921308673465e+02
8.425590443273528081e+02
8.447461385927290394e+02
8.471005825591055327e+02
8.489831523944736773e+02
8.509536458551338001e+02
8.530590595928699713e+02
8.555205033162584414e+02
8.574623825793383958e+02
8.593442587371889658e+02
8.615242428080134687e+02
8.637590274026885027e+02
8.658713779155974635e+02
8.678876540923877201e+02
8.702561450284854345e+02
8.722791845610665860e+02
8.742436083434529337e+02
8.761984940599784295e+02
8.778658504456666378e+02
8.797128693082835298e+02
8.816615119271556296e+02
8.836013101576849067e+02
8.854495429559564172e+02
8.873201468541556096e+02
8.893305267720497795e+02
8.917187875173839302e+02
8.942215050530402323e+02
8.967219681367658950e+02
8.987207289562492178e+02
9.005894252412748529e+02
9.024775444967798421e+02
9.043831791095908557e+02
9.062756338495779573e+02
9.083756715865571323e+02
9.104604484181604676e+02
9.128889424594868842e+02
9.153616584425278688e+02
9.179191765020354978e+02
9.205509180558718754e+02
9.230780877240053997e+02
9.253040279303372699e+02
9.276874329330507862e+02
9.301133256836893679e+02
9.324724519733059651e+02
9.347429609601134644e+02
9.369336970324532103e+02
9.390729275491469252e+02
9.411710576729542481e+02
9.434285602063151828e+02
9.460101835595397688e+02
9.486368959513770278e+02
9.511723897497157623e+02
9.535904786282856094e+02
9.558488482585429438e+02
9.580487755579837312e+02
9.602714207961115562e+02
9.623544634339236836e+02
9.644435757500064028e+02
9.665066751592006540e+02
9.686407030945164252e+02
9.706920099859194124e+02
9.728380038584082286e+02
9.749354403046952484e+02
9.772604029765961968e+02
9.796561207552351789e+02
9.820091773665786832e+02
9.845264621300921135e+02
9.871073918058001482e+02
9.896881480621312903e+02
9.922153177302668610e+02
9.947553204324650551e+02
9.968402706834476703e+02
9.991449432879724100e+02
1.001288162450391724e+03
1.003688735971654182e+03
1.005972945089421728e+03
1.007984885781728167e+03
1.010358232460444583e+03
1.012313291596351064e+03
1.014521022767861837e+03
1.016489435195968554e+03
1.018999783184314310e+03
1.021244626102988150e+03
1.023737805572783145e+03
1.026114100380947548e+03
1.028128642363943982e+03
1.030635695384081600e+03
1.033139800274773279e+03
1.035423489134407191e+03
1.037616826497434431e+03
1.039905570548412925e+03
