5.561940466233640046e-04
2.421342160860873334e-04
1.069476073321465060e-04
4.229817093490199605e-05
2.004184606778696692e-05
1.497727041066858743e-05
1.409089182257604110e-05
1.385337206616747990e-05
1.384913744660610267e-05
1.384857957330117461e-05
1.384754304414614945e-05
1.384750558216174444e-05
1.370849372820281212e-05
1.367308653042761660e-05
1.342772882439355072e-05
1.321657108236285339e-05
1.279562863993716250e-05
1.266718191870219146e-05
1.252927269413968409e-05
1.251257609048859120e-05
1.239354908509008542e-05
1.224465620728698822e-05
1.195923623647664105e-05
1.185914950629500326e-05
1.178433237247709310e-05
1.167908569474620522e-05
1.159198097488104974e-05
1.157141944521744182e-05
1.151178478208905758e-05
1.147474483342945662e-05
1.141848057547542390e-05
1.124778153177292618e-05
1.118335774072069794e-05
1.116340263732103635e-05
1.116375828230106666e-05
1.115879800126272130e-05
1.113868988118269209e-05
1.109047857285658466e-05
1.107527085828810601e-05
1.106304073131565641e-05
1.106083130592773697e-05
1.102572192366635676e-05
1.095958193215793624e-05
1.085873155203045168e-05
1.083166820843716203e-05
1.079997572327154528e-05
1.075431893193677763e-05
1.074351089770606185e-05
1.072379853350952272e-05
1.070886952629388302e-05
1.057467899125749492e-05
1.051577927706478306e-05
1.043606405832744745e-05
1.041115479617653551e-05
1.040340404368310047e-05
1.039054309482370452e-05
1.039396503779686662e-05
1.037849099684006333e-05
1.038019126437797471e-05
1.033965229642352414e-05
1.030928506581185318e-05
1.029912591862036311e-05
1.017587854936783111e-05
1.008867792504047964e-05
1.005187023655670593e-05
9.967841980163389177e-06
9.860403914662606851e-06
9.832013187310550793e-06
9.826014565026502630e-06
9.786448933193502521e-06
9.780494820795438530e-06
9.767298672412380437e-06
9.728228733002591315e-06
9.653216853941210522e-06
9.649373491584770343e-06
9.604943266920699582e-06
9.589608736814518721e-06
9.564580289027909573e-06
9.527324468357832097e-06
9.490578850758242259e-06
9.464849456142141696e-06
9.450825400097282608e-06
9.430271516684291406e-06
9.424805648546632827e-06
9.416986945098000206e-06
9.415675510339260209e-06
9.417947267506728682e-06
9.413328195747589628e-06
9.411109448269342877e-06
9.413884312001676740e-06
9.411645650905667979e-06
9.411756650963596873e-06
9.403635568458649190e-06
9.392244491203062781e-06
9.390264929759311520e-06
9.354561950562753883e-06
9.339198733401667940e-06
9.325508267450894628e-06
9.324835749372636942e-06
9.312324942810487529e-06
9.305732881126870987e-06
9.298447984329323218e-06
9.283001517859359176e-06
9.270813906241668319e-06
9.267988514477634764e-06
9.241824678684590791e-06
9.202049336114582781e-06
9.194370773474192947e-06
9.166173951883008621e-06
9.161759251236657392e-06
9.093364251151702822e-06
9.091731858599762716e-06
9.097955953262229289e-06
9.080997367328084069e-06
9.019023444742191745e-06
9.012236719756448473e-06
9.003050366979763842e-06
8.968280554207437249e-06
8.959263117136790594e-06
8.944656904311008096e-06
8.950412944469962088e-06
8.947489744291139150e-06
8.927895458122803618e-06
8.920557275416772294e-06
8.869557836962409534e-06
8.835961211703335274e-06
8.764355641679735280e-06
8.758050603276494120e-06
8.756021067296150648e-06
8.720112376183800808e-06
8.671168010997286306e-06
8.582886973965717179e-06
8.553506859347698483e-06
8.535914096354982379e-06
8.540945085587547584e-06
8.526701488121238715e-06
8.512388904450411041e-06
8.513669873815615428e-06
8.507323903506368841e-06
8.486631634798504276e-06
8.484313127142709907e-06
8.475668255535067909e-06
8.464329920431019186e-06
8.436286869018403198e-06
8.406858211717198952e-06
8.380493368039281297e-06
8.366704555227205136e-06
8.363290141415161933e-06
8.354972096101685508e-06
8.351377450834636127e-06
8.340954801766784304e-06
8.325468835786497071e-06
8.285489894406655110e-06
8.273865122709872901e-06
8.245274462277032680e-06
8.201995726713474008e-06
8.198324992263427197e-06
8.171951437258837792e-06
8.153785714176485484e-06
8.155716274200100588e-06
8.098322753191356481e-06
8.075100826659522952e-06
8.058020677261153931e-06
8.053149901663016406e-06
8.062390840862122737e-06
8.043637153522409201e-06
8.030602621370033870e-06
8.009797356344274948e-06
8.003567000967178274e-06
7.996984266662728890e-06
7.989699659818016625e-06
7.984531199533919328e-06
7.974667777780780110e-06
7.978831393121364160e-06
7.967474570911920994e-06
7.963933392242684363e-06
7.945530781488266371e-06
7.929538016859697679e-06
7.918222258519183669e-06
7.914607986161664241e-06
7.911214354678588518e-06
7.901247667891784300e-06
7.899227231342388400e-06
7.888401867452151943e-06
7.882631710859449358e-06
7.839949420856881626e-06
7.817079930133676960e-06
7.784758292228935529e-06
7.776793072538938355e-06
7.762791034297663375e-06
7.761763344356626250e-06
7.753037987371157956e-06
7.742824899625587633e-06
7.743736229324687311e-06
7.726016964174375640e-06
7.731961542936995768e-06
7.715596343842383000e-06
7.664372943121573417e-06
7.637992989847565997e-06
7.590662341736907327e-06
7.554924409940985209e-06
7.538249570191954734e-06
7.525839995442754642e-06
7.509361172096379452e-06
7.503103769600887515e-06
7.496726295831463565e-06
7.468348592118918566e-06
7.465535445439681746e-06
7.431659940448583868e-06
7.438378940475010206e-06
7.429133573648474313e-06
7.428417825864362891e-06
7.421702517267180605e-06
7.422847278448694612e-06
7.450763301848561476e-06
7.453565958560581288e-06
7.453996821185431949e-06
7.446750294630147523e-06
7.402526490359998339e-06
7.423921955482032367e-06
7.403955125570041657e-06
7.409835098878940496e-06
7.314098344546638552e-06
7.275399565446160896e-06
7.300360917099019862e-06
7.269706319778440841e-06
7.279802210456941586e-06
7.284023335937264508e-06
7.262458302797786522e-06
7.268510991291675487e-06
7.257481946765689745e-06
7.274093187226067491e-06
7.268301487554857755e-06
7.239824413018721183e-06
7.257547827486525911e-06
7.233844257010554050e-06
7.236614140986878440e-06
7.251057933943095476e-06
7.232313705110988674e-06
7.233009507956685497e-06
7.231129658651128530e-06
7.232933007551624925e-06
7.208836953417296732e-06
7.199273229625971772e-06
7.186541120342228219e-06
7.142481065656918985e-06
7.109605449850294285e-06
7.076945017633251243e-06
7.074303045513815380e-06
7.057977615218421658e-06
7.032471653083181587e-06
7.043631179516449028e-06
7.050101018560334046e-06
7.069621409983765334e-06
7.040390562525550732e-06
7.019162371106443712e-06
7.021027469578260713e-06
6.986740236469609686e-06
6.940449664675437015e-06
6.914816594598644884e-06
6.897139415623958285e-06
6.894408413908192465e-06
6.905953086578054141e-06
6.901574413892197121e-06
6.890780068335280484e-06
6.868469702806447328e-06
6.871972087006445589e-06
6.853262111998759821e-06
6.844304652122835226e-06
6.855569464652317263e-06
6.837968298513433672e-06
6.841078630763193849e-06
6.837222309945270856e-06
6.824931900849787253e-06
6.803438388045815028e-06
6.789756050396581048e-06
6.779594449612835054e-06
6.757279681178902639e-06
6.738490654357858848e-06
6.724382611729843471e-06
6.733278829595362246e-06
6.760511434714766720e-06
6.733798985611877791e-06
6.719041439608240420e-06
6.665926845109924407e-06
6.659774786884841932e-06
6.680053410508717804e-06
6.648741274812911899e-06
6.671210518077451004e-06
6.661522456226033937e-06
6.618296946400925632e-06
6.598127043514976057e-06
6.540346446711383171e-06
6.541952943863030310e-06
6.550677108857383891e-06
6.538425445620762308e-06
6.561022300219000741e-06
6.527353387911622563e-06
6.531963607516550452e-06
6.541465309528504739e-06
6.548543364191325506e-06
6.527818664610453616e-06
6.540826372116747895e-06
6.557592992550964968e-06
6.536466526860268608e-06
6.530953737492891883e-06
6.543420705423062399e-06
6.550434384439961831e-06
6.535735661777344616e-06
6.529091838078598859e-06
6.532877933627703140e-06
6.535846666375661487e-06
6.553035530204886800e-06
6.579358176640012128e-06
6.553280078557278593e-06
6.500623758707519910e-06
6.506669346675765717e-06
6.487624731778007780e-06
6.500796722642028367e-06
6.493081729020569173e-06
6.475234307739365214e-06
6.450406247616836926e-06
6.425105364870666103e-06
6.427062142747775027e-06
6.419882712468913319e-06
6.428436018519692133e-06
6.440359598453106271e-06
6.456990395519150055e-06
6.459298579804270664e-06
6.467699935301543102e-06
6.475666958809290317e-06
6.448947110521885161e-06
6.446411692520715491e-06
6.440141569095277538e-06
6.335477827739182660e-06
6.368040979620969545e-06
6.303687638131147530e-06
6.350010978606474733e-06
6.365908738814271877e-06
6.343090071484449029e-06
6.351621940859874666e-06
6.388069351175397840e-06
6.379021185730040246e-06
6.369654085019847219e-06
6.380396267453354105e-06
6.377546473721637184e-06
6.368151829068062414e-06
6.390161457363476745e-06
6.385230217737990269e-06
6.429162130974898344e-06
6.444962040247366301e-06
6.416499068232290214e-06
6.427367287784996353e-06
6.437956628496505967e-06
6.442026492831408017e-06
6.447565686482066082e-06
6.503937813213381521e-06
6.486104477118441966e-06
6.504790758431191968e-06
6.491232530703804597e-06
6.496853085905037306e-06
6.493362097193578787e-06
6.524120327309075201e-06
6.467094038775291863e-06
6.430660417361372198e-06
6.354989393934853422e-06
6.323253119272764902e-06
6.336995271958318629e-06
6.306411135157576646e-06
6.270037197095825093e-06
6.280642869020890402e-06
6.279993422653765519e-06
6.295188223932627788e-06
6.321525045692082312e-06
6.316892886754776085e-06
6.305963342246773376e-06
6.287925154918149782e-06
6.286148146688223371e-06
6.258791799450860084e-06
6.267760107514257175e-06
6.317107295601445842e-06
6.249768078938938883e-06
6.274763723010256992e-06
6.386313255675866718e-06
6.405562626950549561e-06
6.329070430311285229e-06
6.316303870580739178e-06
6.397169497545193733e-06
6.424043689592155028e-06
6.410205346961887826e-06
6.409430572608514754e-06
6.379907408430198167e-06
6.356422330008285821e-06
6.356236401915374563e-06
6.367391577024002855e-06
6.353978861841950685e-06
6.369441277832375120e-06
6.307134114700262478e-06
6.301705009361078300e-06
6.331587193448193185e-06
6.322352163353008633e-06
6.289147541023837239e-06
6.313677447802476722e-06
6.357198114237436494e-06
6.333308115361318734e-06
6.373255129683874709e-06
6.370385868632227095e-06
6.382083451843185362e-06
6.401614384818911793e-06
6.469515803000172266e-06
6.517539573425460567e-06
6.538404223838321759e-06
6.518852961331841573e-06
6.452333099777641400e-06
6.486474280424257994e-06
6.486633191294569775e-06
6.521626297795317722e-06
6.497119389924260270e-06
6.552429283930459516e-06
6.598677541064486079e-06
6.641112377304967583e-06
6.607735339550972738e-06
6.599809410633392543e-06
6.598343853049173376e-06
6.612293329961185921e-06
6.656719336960824187e-06
6.658378256587381313e-06
6.679782771335908123e-06
6.712289861370523180e-06
6.782446367265621715e-06
6.809879295781463889e-06
6.809888309217441465e-06
6.763657515512666138e-06
6.845514220002288955e-06
6.895586038880478952e-06
6.942004110254241668e-06
6.883243185491588984e-06
6.845759578597753978e-06
6.844337106089357297e-06
6.908020824095710400e-06
6.869403613241727228e-06
6.934832304680526122e-06
7.270044340874578640e-06
7.195160195701423618e-06
7.144174547134317645e-06
7.129281930350859646e-06
7.187568291527322770e-06
7.193690967501863842e-06
7.236038762899017528e-06
7.235897343796697841e-06
7.222658126302173329e-06
7.207249313538410408e-06
7.270186059284076862e-06
7.370632464465367759e-06
7.345356484739367564e-06
7.408768765170584172e-06
7.403181646594626688e-06
7.549109128526037463e-06
7.593121425385860236e-06
7.543342293108096069e-06
7.506956234737324108e-06
7.493374870074761472e-06
7.467108071740662758e-06
7.491473176724514158e-06
7.426294308935168048e-06
7.479288275518925884e-06
7.608609688393381452e-06
7.611914979012255020e-06
7.672642294244361730e-06
7.973968304335442433e-06
8.044268398898065127e-06
8.146174038773535141e-06
8.398731907226172582e-06
8.385876383699621291e-06
8.619963926419081684e-06
8.821046439872161363e-06
8.699790254858207560e-06
8.790088623494074152e-06
8.849642193759766530e-06
8.833647557369314032e-06
9.157079929901631313e-06
9.188933269184971350e-06
9.496168537696369005e-06
9.518747454806374944e-06
9.664564249975621853e-06
1.013445735419331686e-05
1.036481551676511154e-05
1.071498967387086255e-05
1.125601599658775733e-05
1.144725748767394612e-05
1.169133191759169554e-05
1.161707094223481782e-05
1.192446319350463907e-05
1.195835759642029400e-05
1.258520084999303879e-05
1.315922810619404618e-05
1.357498325396037757e-05
1.399950469283968074e-05
1.483294169385309881e-05
1.564265497543702919e-05
1.717435963562128305e-05
