5.560614295337206045e-04
1.423664042257689313e-04
3.170652227925037662e-05
1.507189731510894385e-05
1.364413934631141309e-05
1.298079688515904050e-05
1.276950195301405829e-05
1.259134865539705267e-05
1.259033249699703878e-05
1.259007546132744831e-05
1.249359206309024947e-05
1.248730881908473101e-05
1.235566074902886175e-05
1.227185740631645072e-05
1.220364025044781407e-05
1.208083615774196634e-05
1.200034863694719283e-05
1.189778795864547339e-05
1.174766812100811295e-05
1.171370091681161226e-05
1.164957253923546483e-05
1.159857085506362155e-05
1.146645281424157249e-05
1.134770236891913738e-05
1.124491881153152361e-05
1.122521729195582655e-05
1.121723739063113382e-05
1.119759560559997058e-05
1.118874594428199583e-05
1.117596284416544472e-05
1.117494784982153617e-05
1.116977680977475840e-05
1.116678008468901020e-05
1.109998458509082047e-05
1.099952333611100308e-05
1.095316927182660212e-05
1.085545456696040091e-05
1.080547122131811236e-05
1.070416203735070656e-05
1.057952437664717934e-05
1.056000839698152407e-05
1.054409255304318086e-05
1.051831060067427133e-05
1.051040590238781468e-05
1.049615700619248875e-05
1.048240221521108897e-05
1.041233528976163575e-05
1.041216826082980734e-05
1.039917766556138387e-05
1.030825959761541764e-05
1.025983262387920736e-05
1.023786639626266949e-05
1.017055699527664058e-05
1.016152570085904269e-05
1.015436640637911928e-05
1.014427624317600997e-05
1.014162088291447854e-05
1.011248360263086397e-05
1.004833682201562940e-05
9.989213340039980495e-06
9.986958973558965924e-06
9.979293116368871328e-06
9.971513479996572835e-06
9.968517407629085944e-06
9.940549444628728998e-06
9.881240440203155445e-06
9.853320850397349293e-06
9.831663411032232752e-06
9.800589314828238782e-06
9.760771263509992020e-06
9.713468797719314397e-06
9.695317787897714731e-06
9.627516512582969910e-06
9.618517452425490584e-06
9.612834910389621076e-06
9.602676321005030905e-06
9.494300253951360149e-06
9.432439634193791065e-06
9.404505701766369735e-06
9.393770863218294401e-06
9.374234728314773270e-06
9.360312013746748734e-06
9.350336740881681619e-06
9.341202940091705397e-06
9.336193303659068318e-06
9.310595645261977586e-06
9.296303382432882992e-06
9.291199790589647119e-06
9.253724939882047553e-06
9.246449966124762327e-06
9.231531331443261536e-06
9.221417089837062494e-06
9.214541594300774136e-06
9.203105394681673383e-06
9.176969291291678404e-06
9.113617958326508756e-06
9.088434761597938643e-06
9.064882328074914638e-06
9.058614424342357791e-06
9.040535448282204206e-06
9.028626432015437602e-06
9.033074023652306282e-06
9.025265701701665788e-06
9.017762437844003412e-06
9.001137179847444998e-06
8.981135603622397218e-06
8.931180194180855168e-06
8.898080736889067788e-06
8.892556044234454059e-06
8.826304728208952746e-06
8.811704549128793201e-06
8.801422958348018499e-06
8.793627638586750373e-06
8.776668899388976287e-06
8.687149160434439639e-06
8.587375473187757989e-06
8.577544332839830542e-06
8.574092228331958954e-06
8.482542662166258653e-06
8.443441877933513840e-06
8.418728781824567594e-06
8.400424881472792630e-06
8.385412492255679652e-06
8.352787636887837417e-06
8.340539404416360972e-06
8.327466855910524885e-06
8.319564394614835961e-06
8.313810240039463061e-06
8.285789771111643805e-06
8.277362691241850796e-06
8.258959033135091570e-06
8.198464259473016647e-06
8.192148162597247903e-06
8.138268225327823676e-06
8.111223271380536091e-06
8.092887680634916670e-06
8.087546328796527326e-06
8.079528724833959745e-06
7.992979643220494870e-06
7.987479486215282411e-06
7.976327850266777466e-06
7.964413662190940855e-06
7.955559248146818008e-06
7.929780216525739899e-06
7.900402581189324287e-06
7.886391916760801077e-06
7.870331559005776424e-06
7.847185030246676458e-06
7.829099072582229433e-06
7.828870271764846149e-06
7.809797538502273096e-06
7.789388224153936347e-06
7.755861305672629992e-06
7.741896550217288435e-06
7.725462815147508545e-06
7.710627313056673068e-06
7.702047278627054987e-06
7.692979868022447327e-06
7.697892103999843055e-06
7.687243005486131585e-06
7.681529659939695146e-06
7.662280605783330296e-06
7.662583158731242077e-06
7.654496725499135363e-06
7.648513271617030557e-06
7.640841896486861101e-06
7.637317206165649650e-06
7.630478060295954658e-06
7.625258004174791378e-06
7.625464237684354190e-06
7.621845019889130019e-06
7.616940942358383393e-06
7.609469890914795996e-06
7.608128031266934584e-06
7.585660393822826296e-06
7.507080134418169812e-06
7.476098085799250996e-06
7.393915565844519883e-06
7.354010588053780763e-06
7.336951723118381021e-06
7.303471412972549351e-06
7.288868755580938450e-06
7.273391395729449442e-06
7.265120037004831327e-06
7.252886623828368487e-06
7.190875314775919524e-06
7.107696281828783730e-06
7.010807113304368305e-06
7.016628470680535936e-06
6.998668751757617870e-06
6.974917377829408473e-06
6.980330228563176818e-06
6.980385925843975781e-06
6.922177807059908995e-06
6.911537962206289031e-06
6.811045180887652920e-06
6.793211532545854645e-06
6.781132471953425279e-06
6.765052236492381724e-06
6.758065754111552341e-06
6.632569217815113640e-06
6.625245103662638461e-06
6.624942944304656378e-06
6.611293596540782022e-06
6.589082010678102294e-06
6.578226038857739210e-06
6.566256534816882184e-06
6.556249996323373145e-06
6.545037117439514259e-06
6.523944474509643302e-06
6.501594458726826000e-06
6.504613904308452961e-06
6.472983658467827644e-06
6.452966244761920363e-06
6.439365668951012275e-06
6.437571662638700013e-06
6.416208580929504174e-06
6.379196548631078111e-06
6.380820312412940372e-06
6.370359494472610344e-06
6.346954444097182512e-06
6.331227520717940393e-06
6.327793995756807135e-06
6.318668148294037567e-06
6.320673555612638811e-06
6.298353344334710861e-06
6.288284262781638066e-06
6.275436935940390300e-06
6.257057130485982518e-06
6.236034681162602383e-06
6.226718448527373760e-06
6.240432785925463355e-06
6.229196249052393917e-06
6.223781699848103833e-06
6.219963933847875836e-06
6.214714367085097271e-06
6.210058992145199611e-06
6.207421774793659347e-06
6.194740398552817287e-06
6.197357962742581847e-06
6.191939933323863761e-06
6.179290499293568718e-06
6.181092626423305700e-06
6.165837114579310464e-06
6.174697008469902210e-06
6.159576024958337020e-06
6.140542110303374575e-06
6.133215103776788758e-06
6.126271809852252175e-06
6.114676226565538521e-06
6.053856745622882484e-06
6.003907760257556045e-06
5.983516906344106811e-06
5.967346092055799500e-06
5.967886750849208626e-06
5.956629277635682206e-06
5.951604358002944117e-06
5.956481178559824162e-06
5.945220578386267519e-06
5.946149387863006530e-06
5.943047071024051360e-06
5.934233168693151530e-06
5.935310214519983094e-06
5.930691020079670077e-06
5.929311753965119392e-06
5.917304590842957026e-06
5.916220820211659905e-06
5.929017192717622414e-06
5.929103788563198444e-06
5.954624009840512359e-06
5.933025239682503955e-06
5.923930284047773822e-06
5.898538837098341054e-06
5.889678413329838927e-06
5.885881206068722809e-06
5.836341289963843541e-06
5.812181015417510453e-06
5.784376827034374241e-06
5.782145656961249096e-06
5.774737214733919802e-06
5.759918800888735044e-06
5.758693695010930240e-06
5.739039342463018927e-06
5.692850184058973694e-06
5.645505389259814177e-06
5.639426463857897543e-06
5.586326746903832883e-06
5.546247127437128191e-06
5.492695532539400999e-06
5.474294622660671740e-06
5.446960920181383861e-06
5.434609560526071387e-06
5.434650559657606462e-06
5.434513379651245257e-06
5.398415833592475830e-06
5.386280671558823501e-06
5.387418904814030258e-06
5.365312707915157840e-06
5.365424149758951421e-06
5.374551458861601976e-06
5.357518803526667801e-06
5.365435103418522663e-06
5.359329717123315073e-06
5.367200680599605276e-06
5.366830808933032164e-06
5.349709865920434597e-06
5.361332956947557476e-06
5.356846335937415758e-06
5.340419768712892857e-06
5.326226486137560348e-06
5.309775962754953068e-06
5.313252266161950028e-06
5.315735754394715324e-06
5.291748223719142619e-06
5.295956680825416002e-06
5.267066421806267787e-06
5.257047383553323701e-06
5.254555992434140890e-06
5.259571915948950795e-06
5.257033044717870411e-06
5.256904655228398266e-06
5.266868851576589839e-06
5.276705465539065790e-06
5.261660660530515342e-06
5.274545725946958082e-06
5.285252037885577611e-06
5.272119367367138328e-06
5.279068974349016001e-06
5.264141123642906812e-06
5.284558511688975050e-06
5.262447985075796431e-06
5.275490208809958937e-06
5.265004969257145771e-06
5.270803310167717544e-06
5.269476490644115365e-06
5.270725657738884201e-06
5.251837714925556781e-06
5.241982321647733388e-06
5.277095368251450178e-06
5.232151607122088751e-06
5.206687328447473358e-06
5.206734782696259197e-06
5.182529108187625487e-06
5.183175086707847888e-06
5.162909711685606590e-06
5.204041016261354753e-06
5.181553217164177527e-06
5.153883845285741121e-06
5.161232619372912692e-06
5.160361489584491831e-06
5.131688837105964231e-06
5.113951367777779486e-06
5.100857358745606100e-06
5.059571556838640083e-06
5.044174428902558404e-06
4.975642824014361203e-06
4.956981053864408051e-06
4.958203255311901113e-06
4.968829686175689963e-06
4.967762457017251283e-06
4.982952919540180415e-06
4.966612965434196220e-06
4.996757857267589645e-06
4.944615556625518745e-06
4.933251607881148211e-06
4.904858922996467455e-06
4.916006462116076511e-06
4.882630050225464934e-06
4.861227891643907452e-06
4.877976680803046350e-06
4.893615496144671879e-06
4.900062116188786814e-06
4.878752702438884552e-06
4.919015450919747943e-06
4.948411386136449738e-06
4.938896203024099085e-06
4.946580793262752471e-06
4.943753775170680239e-06
4.926041231715910654e-06
4.914321686414303088e-06
4.897585962936258577e-06
4.885880240164556046e-06
4.907561598614932433e-06
4.886733988748422422e-06
4.902764133242249841e-06
4.908358241028499183e-06
4.921424015671968587e-06
4.956135140767588735e-06
4.925675914453136150e-06
4.924618430849118743e-06
4.923590929665507209e-06
4.956713021065274079e-06
4.960287786847077971e-06
4.985963729983997567e-06
4.973069496155294352e-06
4.993504511310352533e-06
4.998451639074763460e-06
5.014144205777125768e-06
4.929343547446963261e-06
4.905417095197795261e-06
4.857389243068206813e-06
4.867017622649817338e-06
4.807777557284456276e-06
4.788160384540931789e-06
4.793341500774590138e-06
4.805600774652930100e-06
4.813134846067940628e-06
4.805336954559063321e-06
4.800246168504907852e-06
4.808082635592110309e-06
4.780004216444353505e-06
4.751296215028074136e-06
4.743843566100438697e-06
4.700137259929804857e-06
4.739264699551940691e-06
4.816191441113118201e-06
4.830530399093539975e-06
4.872661596662365343e-06
4.890953571597410308e-06
4.869881150654898953e-06
4.847344415674719362e-06
4.873558670299341039e-06
4.888906072867896116e-06
4.881504535370233670e-06
4.881243162487978680e-06
4.916052822901332416e-06
4.893965365037208149e-06
4.929966732606161596e-06
4.938096466674720914e-06
4.956175297703539366e-06
4.981002876712017686e-06
4.946190292676445709e-06
4.950843990253151687e-06
4.966151249181506946e-06
4.973379656507639126e-06
5.104044632715999363e-06
5.121038099807172426e-06
5.137039389003721605e-06
5.135022665062507132e-06
5.127892417216406311e-06
5.121325511625677293e-06
5.221837743929969262e-06
5.224584157733836252e-06
5.181606988119092000e-06
5.188393108686137495e-06
5.157709265323002270e-06
5.219996892408575817e-06
5.224219359395549479e-06
5.201794030283189004e-06
5.204355571038666602e-06
5.141256603268387081e-06
5.255397955672316311e-06
5.356029172876769301e-06
5.477956826465127588e-06
5.567070977750596225e-06
5.565589509244024768e-06
5.514302007010865798e-06
5.635190371048457663e-06
5.765884357585952870e-06
5.711813846968214278e-06
5.654931031361903584e-06
5.657826637431851513e-06
5.719776943456361623e-06
5.747174861370689546e-06
5.908599999623748450e-06
6.054094900208440313e-06
6.241662725788533556e-06
6.172156763490911422e-06
6.197904940095790226e-06
6.210583864926049479e-06
6.260848200807195914e-06
6.355403510272678103e-06
6.390400741473596327e-06
6.415723549664971708e-06
6.634180043095678799e-06
6.622036427627071599e-06
6.637153876828687625e-06
6.732668294038065986e-06
6.756749134155863987e-06
6.690094036456828245e-06
7.032767154634458060e-06
7.206671032400829460e-06
7.330442553271495060e-06
7.646542270711659077e-06
7.991176217673875962e-06
7.965770721329604257e-06
7.995613686224020770e-06
8.319444212362714114e-06
8.699263233348705478e-06
8.827525048504965459e-06
8.927417376061391884e-06
1.047681476146630337e-05
1.084256786503114028e-05
1.184155105145071200e-05
1.222934770343347493e-05
1.328719164670357267e-05
1.441912121688232164e-05
1.563722123555028176e-05
2.042434761231072448e-05
3.078189279411359719e-05
1.520826939081750863e-04
