1.365732311090903476e-06
1.047640211869736819e-06
8.934443776152523677e-07
7.779411125226516748e-07
6.947293288635997193e-07
6.390998730576933343e-07
5.893570174648234746e-07
5.392422071286455263e-07
5.003704105378032724e-07
4.661772261428194481e-07
4.413622629636615781e-07
4.173490004823830272e-07
3.950826762887533538e-07
3.683752948810880087e-07
3.494604243731049471e-07
3.305937264713423502e-07
3.164415053433979035e-07
3.015095825645411831e-07
2.894778169701504442e-07
2.766671341535878072e-07
2.664460280319407635e-07
2.578971571614177554e-07
2.477343061493474844e-07
2.417993030363225404e-07
2.344623289310745213e-07
2.296012635044022638e-07
2.220915225127882282e-07
2.153598795956830689e-07
2.116052664432436394e-07
2.069899215371624678e-07
2.039166820703573326e-07
2.001520060657464589e-07
1.967808586534770065e-07
1.891856118054059656e-07
1.843703661764825506e-07
1.809385001115632547e-07
1.780515479069358680e-07
1.756089446489184026e-07
1.735632172793507217e-07
1.710727486349396279e-07
1.696343642766449499e-07
1.681237633051583805e-07
1.666544311811228084e-07
1.651827358103812186e-07
1.585284886328967699e-07
1.568572612959023112e-07
1.552280527220713102e-07
1.542262134272139834e-07
1.532696957425677922e-07
1.526152329686802076e-07
1.519931041799265632e-07
1.508951207698129115e-07
1.502302498044829015e-07
1.497916637584946751e-07
1.497164092083584220e-07
1.495400403761143796e-07
1.481594190760085094e-07
1.476294972089264014e-07
1.473516922973840324e-07
1.472056606485998743e-07
1.469581245502854209e-07
1.456059170698669075e-07
1.440739385701137731e-07
1.439255620348274674e-07
1.438775017301456061e-07
1.438259711291184543e-07
1.434959881279051111e-07
1.430740610888704693e-07
1.428869096067419441e-07
1.424143481086096473e-07
1.422098180496759701e-07
1.421017666312438484e-07
1.419881216790273531e-07
1.418960710704473679e-07
1.412308209656378206e-07
1.410206817291937867e-07
1.405073818984489931e-07
1.405119268376925602e-07
1.400635147933175985e-07
1.399215708783873565e-07
1.397619647480221604e-07
1.396256478492473816e-07
1.395674712272990774e-07
1.395910010663424256e-07
1.394140423785324600e-07
1.392786235588007063e-07
1.381905262787768311e-07
1.377727732992144906e-07
1.368170116204486034e-07
1.361428522474922500e-07
1.356107396246841404e-07
1.354609496311862923e-07
1.351534505534747374e-07
1.347127402414590830e-07
1.344832269597927523e-07
1.343025689911848817e-07
1.340873926564409197e-07
1.340326989642215796e-07
1.339571674588145435e-07
1.339589997655033377e-07
1.339283920623581147e-07
1.335127628097278918e-07
1.334617940757977505e-07
1.334763923306579352e-07
1.334435821418218029e-07
1.334351953631544931e-07
1.334203656058182002e-07
1.334404706390945313e-07
1.333036737176700178e-07
1.329603936785077389e-07
1.328414905738402269e-07
1.328076668860540742e-07
1.327375919404356202e-07
1.327326538442484456e-07
1.327198670562560974e-07
1.326403952316434788e-07
1.326308055663653499e-07
1.326253455124353907e-07
1.325085385523849171e-07
1.324817182380432218e-07
1.323660273887078408e-07
1.323034484801955782e-07
1.322759238755798350e-07
1.322086477339778513e-07
1.321080292488078617e-07
1.319433956747844655e-07
1.319046131274233365e-07
1.318864399665892902e-07
1.318461117688816713e-07
1.318486184810362003e-07
1.317167902074045868e-07
1.316228499103398406e-07
1.316157528860478994e-07
1.314605405237850185e-07
1.314011668852886541e-07
1.313967712034353557e-07
1.313747587162914985e-07
1.313938113635677907e-07
1.313423474362889369e-07
1.313892586199258339e-07
1.312416120489626339e-07
1.311698033217621701e-07
1.311721600200302146e-07
1.311889680705798019e-07
1.310890847008428199e-07
1.311079867160680091e-07
1.310333716389803756e-07
1.310516578314410569e-07
1.308875383845146220e-07
1.308657194823497825e-07
1.301847998743527603e-07
1.301076096424601974e-07
1.300009112513311085e-07
1.299916209205764918e-07
1.297407318360974877e-07
1.297515224570073053e-07
1.297232928972489548e-07
1.297050372544294912e-07
1.295638841955311344e-07
1.295934752915746183e-07
1.295649322233043553e-07
1.295708753899205653e-07
1.295126595934661008e-07
1.295344928583165760e-07
1.294718461846757944e-07
1.294845988226387643e-07
1.294470411662446130e-07
1.294752968108883058e-07
1.294478641862157119e-07
1.293089606633457501e-07
1.290772080174425245e-07
1.290031006332172667e-07
1.290476082507205473e-07
1.289664735218591297e-07
1.289906104651197226e-07
1.288809746878618107e-07
1.289044968759422082e-07
1.288851287177920184e-07
1.288714592173885844e-07
1.288634587612263931e-07
1.281566756856433258e-07
1.278438454177741031e-07
1.277000227396235173e-07
1.275530874949751132e-07
1.275728306476029233e-07
1.275140758997932203e-07
1.275259475344631713e-07
1.263885708348759164e-07
1.263703017658678342e-07
1.263325470999178014e-07
1.262553078536821194e-07
1.262327495637830970e-07
1.262575475413999705e-07
1.262526578594765351e-07
1.262141339836334482e-07
1.262316536930892621e-07
1.261916845627566343e-07
1.262136017259193090e-07
1.260385873175677846e-07
1.257612056383892104e-07
1.257553898107509379e-07
1.257769858603952895e-07
1.256725178781269557e-07
1.255180696424359619e-07
1.254137278728297885e-07
1.253562833255093835e-07
1.252832076255536383e-07
1.252199101341898679e-07
1.252369613572527843e-07
1.249966336757755740e-07
1.250397735668792985e-07
1.249714370464974880e-07
1.248523603379370499e-07
1.249105013897903637e-07
1.247364344410314197e-07
1.245482931857457909e-07
1.246145910514946333e-07
1.244526759839022434e-07
1.244349105144322057e-07
1.244536046620669483e-07
1.244498544710325660e-07
1.243774285240883153e-07
1.242930944056267508e-07
1.241965441377148754e-07
1.242763426032589996e-07
1.241778352870680675e-07
1.242106622053805463e-07
1.240709020712166392e-07
1.239816524485197609e-07
1.239022101174352823e-07
1.239035067347659864e-07
1.238517473418506903e-07
1.238758197738505138e-07
1.238286161220163930e-07
1.239427479955160450e-07
1.238290665568350832e-07
1.239039771600850629e-07
1.237776518686668201e-07
1.239289743706139547e-07
1.237257781937109501e-07
1.238241643227441667e-07
1.237425747839926938e-07
1.237284905404378695e-07
1.235594954501408604e-07
1.235383170619732873e-07
1.234187168708548791e-07
1.234119439882908570e-07
1.233595320849431214e-07
1.232878099551791301e-07
1.230206682319405308e-07
1.230511444931841931e-07
1.230064520348433702e-07
1.230030770202378350e-07
1.229857523714595631e-07
1.220554271660903005e-07
1.181484604042156579e-07
1.175436526976222432e-07
1.164518550478931151e-07
1.164212963214368629e-07
1.163108835143207887e-07
1.163851620728813468e-07
1.162833024362700833e-07
1.161214035804812649e-07
1.160252234987877487e-07
1.159835943685794100e-07
1.158590925653162426e-07
1.158499961484524970e-07
1.154695054520305726e-07
1.153849664856029097e-07
1.154258492591627126e-07
1.154160266281254026e-07
1.153613400561727359e-07
1.143690326492164428e-07
1.130127305292706357e-07
1.127190993080660353e-07
1.125919892024966791e-07
1.124378678362150375e-07
1.124468283660467828e-07
1.124154902653720691e-07
1.123609772441568289e-07
1.076427119223860342e-07
1.073419642755225439e-07
1.073118028560529860e-07
1.074250251497644997e-07
1.071801856427134269e-07
1.072096354530471834e-07
1.070891744611182211e-07
1.072804605893931123e-07
1.070996978098680388e-07
1.073476361942551538e-07
1.072063805451013192e-07
1.051131159877870490e-07
1.050418637073917188e-07
1.049644830461331510e-07
1.050666779297758670e-07
1.043427897365534727e-07
1.042259354851838592e-07
1.042742503251335089e-07
1.041651830141930516e-07
1.039876607026810649e-07
1.039875947357571709e-07
1.038843070523910335e-07
1.039877043523257262e-07
1.039540946811339105e-07
1.039622107969368865e-07
1.038409606934246178e-07
1.040329496917492454e-07
1.039224478343427287e-07
1.040063246857207593e-07
1.039190488100949598e-07
1.039322097203807008e-07
1.039713688349723197e-07
1.039633235664015314e-07
1.037634877449460025e-07
1.038836620172743606e-07
1.038278877721189269e-07
1.039060142889841781e-07
1.038711790019797062e-07
1.037312612967411034e-07
1.037414915879229713e-07
1.036433901814871543e-07
1.037231977459591345e-07
1.037103101402394266e-07
1.037207470058874099e-07
1.037772524657065406e-07
1.036961991927520068e-07
1.036065601113696534e-07
1.032076771291692419e-07
1.030105280226408500e-07
1.031325940545414283e-07
1.031114670392472477e-07
1.030253831447134853e-07
1.030690831811264728e-07
1.031765144523517072e-07
1.032611642392985072e-07
1.033388749219201651e-07
1.028951565472431513e-07
1.029254160307392132e-07
1.030764998387720727e-07
1.028801775319500703e-07
1.028919882802691355e-07
1.029725905670197765e-07
1.029996575062295940e-07
1.028464994096848923e-07
1.029611157236272860e-07
1.029172951593997082e-07
1.029547334356233227e-07
1.026278482438405382e-07
1.025854842030031824e-07
1.022520981669880253e-07
1.018270513072425956e-07
1.020823611120861227e-07
1.018852925835959888e-07
1.021983137718616156e-07
1.008582379327172799e-07
1.003595580437468874e-07
9.985013446724562862e-08
1.000604240886693546e-07
9.934890011806328335e-08
9.933785059892602299e-08
9.934846523605062885e-08
9.941532391614616472e-08
9.909221746847377089e-08
9.907560067615364357e-08
9.954062916288453696e-08
9.855605185064083009e-08
9.635147661903917319e-08
9.611515340536301887e-08
9.586753243891801243e-08
9.567419873933504119e-08
9.591940112769442444e-08
9.528461977522344304e-08
9.551064432152382669e-08
9.537310238373031951e-08
9.529583122487290504e-08
9.556575319871910518e-08
9.537424931839836887e-08
9.538082304561103550e-08
9.531070737122745708e-08
9.567010053615463817e-08
9.565637174370399577e-08
9.585309153609460752e-08
9.511612520458513134e-08
9.469987587208307729e-08
9.465750087301978481e-08
9.452616806621920558e-08
9.452107925891531237e-08
9.460506861908161195e-08
9.474074751651694234e-08
9.455982366417206085e-08
9.420538845884803775e-08
9.388796866163821695e-08
9.396729479858093357e-08
9.400087322500980093e-08
9.427117852794709428e-08
9.368438616029925576e-08
9.435688044503909503e-08
9.414441542663982400e-08
9.352209609317432508e-08
9.351813758614735341e-08
9.425288785908466839e-08
9.334432461779581762e-08
9.408596401848314697e-08
9.383342813815728879e-08
9.399227996886302462e-08
9.390801977844489010e-08
9.434717882331748210e-08
9.421274619027209771e-08
9.366122538927849165e-08
9.398636717772559104e-08
9.367747517783887015e-08
9.374273631852717949e-08
9.365658852039199296e-08
9.405132517040064940e-08
9.337995664371338761e-08
9.358124823743800829e-08
9.346585214321704915e-08
9.354900101948131088e-08
9.013622277823889522e-08
9.085419325168445772e-08
9.066449034544448184e-08
9.177411016207679026e-08
9.062807924673996101e-08
9.088624091463993520e-08
9.131721543242165733e-08
9.075558942281588493e-08
9.056582891959167208e-08
9.065591221134398445e-08
9.089613068038498913e-08
9.087503521928133797e-08
9.060292418371293258e-08
9.108818308260061836e-08
9.058983755958720483e-08
9.041453910599031920e-08
9.124099907032505527e-08
9.146536137359589011e-08
9.161638249178460340e-08
9.205950145265818713e-08
9.260378073704005049e-08
9.197924084005664132e-08
9.214685884938824042e-08
9.200385030661861430e-08
9.245453365736015791e-08
9.156011255344124600e-08
9.283527207797257686e-08
9.180032581349190087e-08
9.214998543242633360e-08
9.247578733906103725e-08
9.200206239537300205e-08
9.227796681462818970e-08
9.262651966396999142e-08
9.274442660686994693e-08
9.251565558101222997e-08
9.168271553500686730e-08
9.269096906811314796e-08
9.207690493236506508e-08
9.317224228832137269e-08
9.172813153504937611e-08
9.265327185777317242e-08
9.239080045928365648e-08
9.176977689775064831e-08
9.215010815259393437e-08
9.282430179822933535e-08
9.103194611780241091e-08
9.218833998396274857e-08
9.172130777959442712e-08
9.101514331136597686e-08
9.167430128497811813e-08
9.278260454748467932e-08
9.262070357442009219e-08
9.183719017077645820e-08
9.137573620347848214e-08
9.156195115729493534e-08
9.183617066537541309e-08
9.143072404690636650e-08
9.284476804539535510e-08
9.245139100654446842e-08
9.183314280441352972e-08
9.298495504615648367e-08
9.362584323374514118e-08
9.431628321505184818e-08
9.511269875094277928e-08
9.499971382139272542e-08
9.439742052135855602e-08
9.444720306077659305e-08
9.445960776130253633e-08
9.408556899023882985e-08
9.743265332627034968e-08
9.621741393716120665e-08
9.630330096613681936e-08
9.542968437290172215e-08
9.668928843299797409e-08
9.639892517159957867e-08
9.642441395009785793e-08
9.571836664552944857e-08
9.765223454263918544e-08
9.898844601021717870e-08
1.038686329056318019e-07
1.010114530727883263e-07
1.054135197807508943e-07
1.082826393669514728e-07
