1.749207659230582121e-02
2.013454316558290991e+00
4.068531227829256913e+00
6.114246871456455068e+00
8.199314510457634597e+00
1.032806806485525897e+01
1.228935894316619759e+01
1.425238338965080942e+01
1.600651288297613206e+01
1.778577911348160256e+01
1.912315884126899945e+01
2.118846380416760056e+01
2.276074200648424650e+01
2.428829415255517077e+01
2.619515099345166576e+01
2.786260208348002010e+01
2.920084859559451118e+01
3.062386658661871408e+01
3.205399220682563310e+01
3.343887169981319119e+01
3.559674919819754280e+01
3.733683679012588641e+01
3.873263776230571409e+01
4.053062652792722531e+01
4.290398653805708307e+01
4.525983751051131776e+01
4.760580714520599344e+01
4.908689966678887373e+01
5.074828326800327716e+01
5.223405642296197016e+01
5.362517676132006983e+01
5.524842186497843954e+01
5.701468633462749125e+01
5.886277521770954024e+01
6.064308158896159284e+01
6.270214570693628531e+01
6.457225090485607666e+01
6.620676420105964155e+01
6.823289052551783129e+01
7.037603269521451921e+01
7.229970514646244339e+01
7.402349719849844689e+01
7.575144981410348066e+01
7.805460031700802404e+01
7.977787229855056239e+01
8.134321622841289923e+01
8.278963738816892715e+01
8.421213530869951569e+01
8.588964109311265815e+01
8.762504805139104747e+01
8.936149515034693991e+01
9.113035997229063412e+01
9.295764603838665607e+01
9.509090686991250152e+01
9.726664011932595599e+01
9.951622336886860865e+01
1.018145198811888434e+02
1.040533550085419705e+02
1.060845086803477244e+02
1.078639482677191097e+02
1.093596027611923915e+02
1.107664985692578909e+02
1.122262682033609309e+02
1.136258830252072443e+02
1.159813872839308857e+02
1.184133418949423913e+02
1.207846216234069203e+02
1.232105087459795101e+02
1.255809216901861873e+02
1.276110352212453591e+02
1.290519089633330054e+02
1.306318148650510409e+02
1.327545009311496926e+02
1.342706115277065066e+02
1.358342218894635494e+02
1.375769098337893865e+02
1.399105711348486523e+02
1.421358844311606333e+02
1.443423018354570502e+02
1.465575604367664369e+02
1.486854472073173099e+02
1.504374964189780428e+02
1.519243097150604740e+02
1.533013881520217296e+02
1.547526633024317562e+02
1.561782816452713973e+02
1.578615082041156654e+02
1.592846995516960078e+02
1.612487641389271857e+02
1.628257229749632700e+02
1.647467950738138995e+02
1.672146345438510764e+02
1.696491895067790381e+02
1.720372848454591121e+02
1.742527168036349963e+02
1.766647353818830766e+02
1.790122652275425992e+02
1.812145220683378284e+02
1.837529177589876781e+02
1.861843522993670490e+02
1.883476038582443266e+02
1.907476608165881942e+02
1.931487579159868631e+02
1.955281854141410918e+02
1.975283082174009053e+02
1.993464063727861628e+02
2.013766932606754665e+02
2.031606401248992881e+02
2.047561481393904614e+02
2.066064906611042602e+02
2.088344043095388542e+02
2.106356868545389887e+02
2.129854703388651274e+02
2.152572432596651026e+02
2.175300563213486669e+02
2.191214037725120818e+02
2.207033899558602172e+02
2.223098194492014272e+02
2.238670156091349384e+02
2.254841932243917029e+02
2.279528994785495115e+02
2.303142978686380218e+02
2.323548128080872175e+02
2.338558413627071388e+02
2.357656452690804088e+02
2.379604477672717451e+02
2.401985894674738233e+02
2.423699887965578341e+02
2.440656970460070738e+02
2.459229738396977041e+02
2.477717561501058015e+02
2.494314061834575114e+02
2.510293411931063190e+02
2.529954860622438275e+02
2.550047967763187557e+02
2.566679139456057896e+02
2.581736231334654121e+02
2.597653172981902685e+02
2.617656134583870084e+02
2.638572686560111151e+02
2.657100381729863443e+02
2.676505262345192477e+02
2.692241912910412225e+02
2.715308089301923928e+02
2.738412404191130349e+02
2.760187072363245306e+02
2.783159636077291452e+02
2.805601727961278584e+02
2.828900202473860759e+02
2.852486449287624737e+02
2.876277257134286174e+02
2.899887773900974821e+02
2.919386267192058426e+02
2.937012506961597182e+02
2.955817573021640214e+02
2.974780393778763141e+02
2.998175948104059785e+02
3.019590034118245399e+02
3.043547264499400171e+02
3.066589170935557149e+02
3.091031800377890590e+02
3.113860477940278884e+02
3.138518069824003192e+02
3.163995639406953728e+02
3.188642829882532510e+02
3.211320687024508516e+02
3.232573551206700131e+02
3.254370755767840251e+02
3.272600277225135414e+02
3.293069568637868088e+02
3.317292034931822968e+02
3.337733589257737776e+02
3.361687352501238024e+02
3.388371485464235207e+02
3.414871860211665648e+02
3.439742680968823265e+02
3.454733897263932363e+02
3.477715128818812786e+02
3.500462328682601196e+02
3.522188456951237185e+02
3.543671885688252132e+02
3.567233862550098138e+02
3.588322037766094468e+02
3.612469960634006725e+02
3.630063262612460449e+02
3.647155563415623192e+02
3.662271596610229381e+02
3.680702211967559947e+02
3.695338046805571253e+02
3.711894675071666256e+02
3.734541327987483328e+02
3.758333869400382241e+02
3.783728227714699415e+02
3.807607447534213065e+02
3.827849641528734423e+02
3.844815391862336469e+02
3.862604587031433425e+02
3.879417783373580733e+02
3.895015748492073158e+02
3.914989239436504818e+02
3.936337449863809752e+02
3.958604451372046924e+02
3.982826917669096360e+02
4.004856420348584152e+02
4.027043677723437440e+02
4.050109854114234622e+02
4.073141359141904445e+02
4.096784813700991208e+02
4.121931271780468933e+02
4.147129736906538824e+02
4.171173645690553826e+02
4.195096204710640677e+02
4.219313470303786744e+02
4.239994257022659099e+02
4.258573959232798529e+02
4.279038049940938890e+02
4.299210901213677971e+02
4.318574176195351697e+02
4.335522590845521336e+02
4.357113500805128865e+02
4.378647203016652725e+02
4.400111562505003917e+02
4.420627660256289460e+02
4.443993743924405635e+02
4.465289947308909859e+02
4.490143432385701203e+02
4.511765546568396417e+02
4.529774904882128226e+02
4.549042833620085275e+02
4.573842578088505206e+02
4.599084382412049194e+02
4.624288048239919817e+02
4.643224865475746128e+02
4.661385044212959770e+02
4.682310264032100235e+02
4.702531655211021189e+02
4.723378864464746130e+02
4.738047637096906328e+02
4.753250348695403886e+02
4.771065547384369552e+02
4.790416687389547405e+02
4.815065611433399226e+02
4.838617186884688977e+02
4.860263571020298627e+02
4.879706590130895734e+02
4.898383372152031825e+02
4.919733316148684139e+02
4.942782156858074813e+02
4.963709110241381381e+02
4.983528313629095123e+02
5.008418203635246755e+02
5.032848698102839080e+02
5.055426008295493148e+02
5.074690469897864773e+02
5.095066148633788430e+02
5.115507702957622200e+02
5.131644807747354662e+02
5.154520291648273087e+02
5.177338567803848264e+02
5.198901740673188669e+02
5.221574397110564405e+02
5.243016220213962697e+02
5.265831029232275569e+02
5.287378599987888492e+02
5.312774691871180721e+02
5.339115578355268781e+02
5.362216426108826681e+02
5.385521834893227151e+02
5.408704160345720311e+02
5.429580840255898693e+02
5.451459522514942364e+02
5.476231529892063463e+02
5.500278905814025165e+02
5.523644989481057337e+02
5.545619017983491403e+02
5.565911485453517571e+02
5.582587729917977413e+02
5.597809510764463994e+02
5.616403081520398928e+02
5.634887437487841453e+02
5.657057359182325627e+02
5.675659597778782199e+02
5.692894051163887070e+02
5.712040630134113144e+02
5.731287756053662861e+02
5.751015080331178524e+02
5.769702263763512065e+02
5.788042733581003176e+02
5.811441755041821580e+02
5.830922912651104753e+02
5.851894938805678521e+02
5.871717609327602077e+02
5.888624418346166749e+02
5.907552567740432323e+02
5.923119328635824559e+02
5.942612621222939424e+02
5.965373689632847345e+02
5.989289314378962672e+02
6.012362425042314271e+02
6.035005610822195194e+02
6.053101647540141812e+02
6.069538659608243734e+02
6.087055684587888891e+02
6.103738863322860198e+02
6.123142010370886510e+02
6.144668778309156778e+02
6.164477580284933538e+02
6.183097154561719435e+02
6.201288537521977560e+02
6.220676082456539007e+02
6.240587164948257168e+02
6.260075256832160449e+02
6.283970078762683897e+02
6.307717547406343783e+02
6.330835730839944517e+02
6.348026845022428688e+02
6.369650692775481957e+02
6.385680316348505130e+02
6.403559657055718617e+02
6.423559151520030355e+02
6.443102717580698027e+02
6.462401850543151340e+02
6.481967952992545179e+02
6.502516988536625604e+02
6.525870937228286266e+02
6.550733090145939741e+02
6.572190515363818122e+02
6.594450582599490644e+02
6.620853877537628023e+02
6.645698694773534498e+02
6.668399088299449886e+02
6.690749301073224160e+02
6.717145661736743705e+02
6.740369592820846947e+02
6.766238948785428420e+02
6.792200183857797811e+02
6.817415984661121229e+02
6.837072232647198007e+02
6.861448986504343566e+02
6.880564361248781324e+02
6.900680004774463896e+02
6.918691096657527169e+02
6.942058913894964007e+02
6.966244975263980450e+02
6.988021377005410386e+02
7.013474676634391471e+02
7.036256547859591137e+02
7.058138697255293437e+02
7.079499042658407006e+02
7.103411200271367534e+02
7.121814078539213142e+02
7.141024799530155178e+02
7.160379406671352172e+02
7.184464921089335121e+02
7.204081297008763158e+02
7.223661267998777475e+02
7.247717311756151730e+02
7.274276627814472249e+02
7.300901819453179087e+02
7.327247906640819792e+02
7.353328757910175000e+02
7.378026221858875715e+02
7.399693408811821200e+02
7.424413409142723594e+02
7.445941910657210201e+02
7.467616031884080030e+02
7.492433112031469591e+02
7.515613703915001906e+02
7.537102333356986037e+02
7.559383203408646068e+02
7.581260152100813912e+02
7.604094030368495396e+02
7.630079535396878327e+02
7.655304004040032169e+02
7.675317367049470931e+02
7.697487288745701335e+02
7.722838307861826479e+02
7.746774735425991594e+02
7.769443924727826243e+02
7.791204724357238547e+02
7.813102475863995551e+02
7.833918480891602485e+02
7.853703012914546662e+02
7.869933730382165322e+02
7.887589440807844312e+02
7.910431986918123357e+02
7.931048631619128173e+02
7.949198408947165717e+02
7.969300183927733769e+02
7.987085911959885607e+02
8.003181411119118138e+02
8.021501078120354578e+02
8.040635522114498599e+02
8.060369780663280608e+02
8.080896279824481780e+02
8.104609077107089661e+02
8.129275336833389929e+02
8.154586483881799950e+02
8.175516904402827549e+02
8.197666023281726666e+02
8.221533108121686837e+02
8.242375116670515354e+02
8.264451425690306223e+02
8.284535864989865104e+02
8.304159175181512182e+02
8.322090522931580381e+02
8.342025875377656803e+02
8.365329550593784234e+02
8.390169167126809953e+02
8.410210267225463667e+02
8.429925456526613061e+02
8.453581046062162159e+02
8.472840306957898520e+02
8.492432412925052176e+02
8.511646601051890002e+02
8.530628491057317433e+02
8.551593582940754459e+02
8.573936861445750992e+02
8.597219733846595773e+02
8.620114286998633588e+02
8.644477172309294701e+02
8.669866329920027965e+02
8.696222818513415405e+02
8.719176312976703684e+02
8.740261021054379853e+02
8.764135040166564750e+02
8.787445649654223416e+02
8.807356732147389948e+02
8.832033393279099300e+02
8.853232516854000096e+02
8.877943849349175025e+02
8.899550361418806688e+02
8.918053786634282005e+02
8.938308115604970681e+02
8.962251477442724763e+02
8.985728509466271134e+02
9.009881633040147335e+02
9.033031020697193298e+02
9.058135873143028221e+02
9.082822935683918786e+02
9.103248887899214878e+02
9.123524019688618409e+02
9.144352159693021349e+02
9.164493806740319997e+02
9.185011638057911796e+02
9.204967793320311102e+02
9.225868743183485776e+02
9.247528995864578292e+02
9.270418348309279963e+02
9.295946191366356288e+02
9.320855150620500353e+02
9.344554079361065533e+02
9.366831482277445957e+02
9.390819916884073564e+02
9.409354546325672572e+02
9.428454318960116325e+02
9.447644237132666376e+02
9.465308615401237375e+02
9.483546804702154986e+02
9.503183983439228086e+02
9.525348704429148938e+02
9.547579301006305741e+02
9.570539729744925808e+02
9.594089571630063347e+02
9.615694350133519492e+02
9.638268193188963551e+02
9.659822698217592460e+02
9.681099832353871761e+02
9.703807160152103961e+02
9.728931081848423901e+02
9.755157552838478523e+02
9.776966892374841791e+02
9.797469121581759737e+02
9.818852003371465571e+02
9.837029517789706006e+02
9.855895258732682578e+02
9.877779141696297529e+02
9.898629818082496286e+02
9.922864419357315455e+02
9.947520277674689169e+02
9.973526585518281991e+02
9.999397675051443457e+02
1.002330289839210650e+03
1.004888274849327559e+03
1.007470009741942135e+03
1.010053131488896611e+03
1.012623078118334888e+03
1.015130442940394801e+03
1.016983732527755251e+03
1.018945890190219188e+03
1.021047253369039026e+03
1.023058124294316599e+03
1.025422469750431219e+03
1.027668932577358646e+03
1.029840505263308160e+03
1.032178327127695184e+03
1.034363941715211240e+03
1.036310150551413699e+03
1.038638784504920750e+03
1.040951296275743289e+03
1.043506177824091992e+03
