1.566849838839072528e-01
1.447796013056703024e-01
1.362988682532381701e-01
1.294493973815212251e-01
1.238837801880835060e-01
1.193179763743383026e-01
1.154960730689520571e-01
1.121961288668994194e-01
1.092952540989443749e-01
1.067071051761791928e-01
1.043699040936243300e-01
1.022569025139053317e-01
1.003424258706011873e-01
9.859552240475966123e-02
9.701029795969663694e-02
9.555486673005110509e-02
9.420963534138186712e-02
9.296643476781688009e-02
9.181068718098865655e-02
9.073550753548854930e-02
8.973513346447621608e-02
8.880501871292052762e-02
8.793674195838123431e-02
8.712418172156716212e-02
8.636129089828419036e-02
8.564304820775786586e-02
8.496735357261732402e-02
8.432984237910660930e-02
8.373052871925584784e-02
8.316078548439898022e-02
8.261599970758037870e-02
8.210252345455940071e-02
8.161605764322281409e-02
8.115637489379848302e-02
8.072041512259973961e-02
8.030607248798454778e-02
7.991237308362914016e-02
7.953921241233066763e-02
7.918585483306599115e-02
7.884961633432938100e-02
7.852863443116632480e-02
7.822046896752296585e-02
7.792566369690659411e-02
7.764453832054660221e-02
7.737578582057899612e-02
7.711957475240800719e-02
7.687576293254630433e-02
7.663945039948659443e-02
7.641584372499779509e-02
7.620031755602192647e-02
7.599471169872093479e-02
7.579886157341958475e-02
7.560915016377341147e-02
7.542859197746375199e-02
7.525549968148639857e-02
7.508964686907809716e-02
7.493017483461564265e-02
7.477619429384749217e-02
7.462975481572753367e-02
7.449001478964517586e-02
7.435478034802017744e-02
7.422573082206346262e-02
7.410097181148289636e-02
7.398242741445010262e-02
7.386789262009400836e-02
7.375589445080811546e-02
7.365117674488171062e-02
7.354918973851502784e-02
7.345167981613577590e-02
7.335888081245052483e-02
7.326760618032032712e-02
7.318058482812278553e-02
7.309737651772288403e-02
7.301531509123558583e-02
7.293803448970916092e-02
7.286324603177524173e-02
7.279227663827221584e-02
7.272333360874973229e-02
7.265567231413072591e-02
7.259065935626021759e-02
7.252766528811994962e-02
7.246828096393757856e-02
7.241130580721054366e-02
7.235609599426175154e-02
7.230412775837694039e-02
7.225378103066437685e-02
7.220504678273428900e-02
7.215815117778359711e-02
7.211302170327084371e-02
7.207042384302989046e-02
7.202834299069378610e-02
7.198849843457232056e-02
7.194944209951725789e-02
7.191118656181337554e-02
7.187604685167624241e-02
7.184084696637264844e-02
7.180654195948694973e-02
7.177449211818835717e-02
7.174072548661085402e-02
7.170995937590450564e-02
7.167893207819567292e-02
7.164981519515427333e-02
7.162243200902618234e-02
7.159440554541784962e-02
7.156928120424481399e-02
7.154575880451856384e-02
7.152248459219574805e-02
7.149928833511257076e-02
7.147716572298111470e-02
7.145544767955001875e-02
7.143559149146594400e-02
7.141660142393706223e-02
7.139607132019604174e-02
7.137734510141101330e-02
7.135760668620290403e-02
7.133929031010038946e-02
7.132276569870776850e-02
7.130624225543565065e-02
7.129097288713429070e-02
7.127555477610326984e-02
7.126050103296427407e-02
7.124709324025468860e-02
7.123339707641315743e-02
7.122044453892376059e-02
7.120636875035184221e-02
7.119404142980513550e-02
7.118247715140076093e-02
7.117143923929429572e-02
7.115905458413496198e-02
7.114766076063173961e-02
7.113786858702726701e-02
7.112838935395936202e-02
7.111949930724634217e-02
7.110895548325789350e-02
7.110041671465500146e-02
7.109301717065968917e-02
7.108519297901301492e-02
7.107772840570658612e-02
7.106884241603772523e-02
7.106129169531637257e-02
7.105397362282160623e-02
7.104829833074660650e-02
7.104216761371190403e-02
7.103513754169456240e-02
7.102817256100549259e-02
7.102265328696413804e-02
7.101794734051899982e-02
7.101194046411384020e-02
7.100694505562378522e-02
7.100114271741136962e-02
7.099683107515906977e-02
7.099285352166948004e-02
7.098853072072471015e-02
7.098539348530011339e-02
7.098121917953081894e-02
7.097794048759017982e-02
7.097460932880775286e-02
7.097103082494214676e-02
7.096718969772440599e-02
7.096406929743766245e-02
7.096133393757400598e-02
7.095903412117841869e-02
7.095632454446822168e-02
7.095369063006794208e-02
7.095193007318163769e-02
7.094952379317170932e-02
7.094790546281781740e-02
7.094465523708473609e-02
7.094273575562876077e-02
7.094138808610866986e-02
7.094004949777964197e-02
7.093779688055257271e-02
7.093613193917591708e-02
7.093504775437788068e-02
7.093435085668375883e-02
7.093382375826033648e-02
7.093282034417636162e-02
7.093136523762072487e-02
7.092989132851849898e-02
7.092868703785903950e-02
7.092760012424054183e-02
7.092680844090487602e-02
7.092679951160921203e-02
7.092608751830160874e-02
7.092410007309252196e-02
7.092300949295086976e-02
7.092244032481255511e-02
7.092171322602947026e-02
7.092134288795096109e-02
7.092106892968000342e-02
7.092064611994314260e-02
7.092012366380368027e-02
7.091995123786004607e-02
7.091947124047497109e-02
7.091855348046267882e-02
7.091730393202415328e-02
7.091592095489235303e-02
7.091581869440193031e-02
7.091579840594075534e-02
7.091521777424460160e-02
7.091421430114387692e-02
7.091293925011306343e-02
7.091258055444181474e-02
7.091255552564454390e-02
7.091250058531720080e-02
7.091196014828730909e-02
7.091186476438349207e-02
7.091129173572613409e-02
7.091059384231154783e-02
7.090970041047696404e-02
7.090922755126595478e-02
7.090909832629392617e-02
7.090909673993710249e-02
7.090887381621635566e-02
7.090813009116907206e-02
7.090764174135340270e-02
7.090734867700168587e-02
7.090704178569583183e-02
7.090659139307266268e-02
7.090615542682926487e-02
7.090568513427916719e-02
7.090547205519251439e-02
7.090523626245039124e-02
7.090411146605740678e-02
7.090388269155434298e-02
7.090339382589755379e-02
7.090326399110348510e-02
7.090310700529919852e-02
7.090310058489257550e-02
7.090307821053883075e-02
7.090306171352360465e-02
7.090303460214772424e-02
7.090276115048328720e-02
7.090248769367901716e-02
7.090222485404437669e-02
7.090185683919753012e-02
7.090126005913720275e-02
7.090116285117320505e-02
7.090097943547704618e-02
7.090094766695759221e-02
7.090093477435334413e-02
7.090067438726060933e-02
7.090033563673411865e-02
7.090021639574409229e-02
7.089911030573052553e-02
7.089686918604309884e-02
7.089569738236160823e-02
7.089485162141968833e-02
7.089456922879033840e-02
7.089432195223013822e-02
7.089392367757700597e-02
7.089375935826719433e-02
7.089374073989856972e-02
7.089373199318564633e-02
7.089369982248407143e-02
7.089367977408218835e-02
7.089301702962667873e-02
7.089210220201830337e-02
7.089187582328480841e-02
7.089186834011591831e-02
7.089177855924255756e-02
7.089178185804159704e-02
7.089175997389800254e-02
7.089174729093232485e-02
7.089169711637888227e-02
7.089166486378564724e-02
7.089151031077030318e-02
7.089024097174442818e-02
7.088884616177408560e-02
7.088788429970011018e-02
7.088781318179318558e-02
7.088779019534058312e-02
7.088767999822255528e-02
7.088762392210791463e-02
7.088717468215000039e-02
7.088702258152777824e-02
7.088696464393325070e-02
7.088690897776082911e-02
7.088680884271834903e-02
7.088676770270076199e-02
7.088676599646979992e-02
7.088666071675038538e-02
7.088629757065094406e-02
7.088609414405910858e-02
7.088584454043167504e-02
7.088572970352162439e-02
7.088570385110914973e-02
7.088569065958992554e-02
7.088567395735928534e-02
7.088550621317625533e-02
7.088551030739828618e-02
7.088548478804369835e-02
7.088536498352980553e-02
7.088529613227219361e-02
7.088505808488544668e-02
7.088444207677492559e-02
7.088340363591685844e-02
7.088328682444065831e-02
7.088310100372050004e-02
7.088300997725333064e-02
7.088301792018807113e-02
7.088300148925205657e-02
7.088302278012971469e-02
7.088274706921703083e-02
7.088273842081191378e-02
7.088269115694702249e-02
7.088269117322387736e-02
7.088264885033924989e-02
7.088263740515762801e-02
7.088261896250748484e-02
7.088253629987507909e-02
7.088230587688751361e-02
7.088222884356248921e-02
7.088155561955353234e-02
7.088068998074545379e-02
7.088027586866771368e-02
7.087953660511100984e-02
7.087890774206409561e-02
7.087743942698940258e-02
7.087680089180291299e-02
7.087678091419881421e-02
7.087670116267885678e-02
7.087647806633272374e-02
7.087646898433759557e-02
7.087635739096100063e-02
7.087636361866529733e-02
7.087602437239771958e-02
7.087601184520593567e-02
7.087590921956754553e-02
7.087401820519544093e-02
7.087401777131183134e-02
7.087354884236349295e-02
7.087349201234201257e-02
7.087348790428767142e-02
7.087348907441828882e-02
7.087347896272148950e-02
7.087336587170135760e-02
7.087320843563833794e-02
7.087311127219300677e-02
7.087305347569128333e-02
7.087308654187256252e-02
7.087305979667517242e-02
7.087299516717844583e-02
7.087275377000507026e-02
7.087229887076637591e-02
7.087173360471932249e-02
7.087149964137494373e-02
7.087137881012389728e-02
7.087128881646415079e-02
7.087129700437418134e-02
7.087129835062086491e-02
7.087119961056083384e-02
7.087117566572576077e-02
7.087092102610022260e-02
7.087089080102769445e-02
7.087085202007546714e-02
7.087085853915861544e-02
7.087083646622256705e-02
7.087082639803228556e-02
7.087083262979523846e-02
7.087084590706324572e-02
7.087084372784480113e-02
7.087077528673604854e-02
7.087071243293084633e-02
7.087062606193565706e-02
7.087063962037451481e-02
7.087062286114750864e-02
7.087051602953853280e-02
7.087027429341519191e-02
7.086986131762799956e-02
7.086968588651784695e-02
7.086945604949873578e-02
7.086937658663017281e-02
7.086920234986834877e-02
7.086921679211344305e-02
7.086917721200114428e-02
7.086902711652798281e-02
7.086893557369887409e-02
7.086872599487925584e-02
7.086844519159656020e-02
7.086796884344687131e-02
7.086770365681019368e-02
7.086657111048499935e-02
7.086600553343037900e-02
7.086548806651542243e-02
7.086499077422370174e-02
7.086449770231809109e-02
7.086429569245386584e-02
7.086413718200812450e-02
7.086375193808042150e-02
7.086371896680061788e-02
7.086367459147899228e-02
7.086369979313109080e-02
7.086368852583392608e-02
7.086369470694038608e-02
7.086368133353884713e-02
7.086367502595429524e-02
7.086366842679230060e-02
7.086264327316668665e-02
7.086189068004443425e-02
7.086186142260633702e-02
7.086172935769789738e-02
7.086139978122503458e-02
7.086122130932610841e-02
7.086116935523287252e-02
7.086096454007689838e-02
7.086060638139127232e-02
7.086045786889626219e-02
7.086018315576370075e-02
7.086020375040538721e-02
7.086021101644639220e-02
7.086020824026022236e-02
7.086023301944464892e-02
7.086020940183242189e-02
7.086019503554948085e-02
7.086016572609556141e-02
7.086015008691393113e-02
7.086016478489151615e-02
7.086015679055246430e-02
7.086018377769655319e-02
7.086019756394852653e-02
7.086013166979446276e-02
7.086015505793762104e-02
7.086005242030091189e-02
7.086003720550461404e-02
7.086002783190877008e-02
7.086004662764529283e-02
7.086002582755446255e-02
7.086003954791345039e-02
7.086001162573869749e-02
7.086004406300343283e-02
7.086006722307318373e-02
7.086006284175309922e-02
7.086007713442221689e-02
7.085982833727597074e-02
7.085982578247027042e-02
7.085963522712683538e-02
7.085938769097414880e-02
7.085937208511434993e-02
7.085933813428280104e-02
7.085938142243011773e-02
7.085937188909602336e-02
7.085943685107341794e-02
7.085941015321910175e-02
7.085933234508465239e-02
7.085922411301535939e-02
7.085923487047386671e-02
7.085925137839908794e-02
7.085924400026905046e-02
7.085928604032275258e-02
7.085923820468294221e-02
7.085898305683425991e-02
7.085885785733091191e-02
7.085867949482529959e-02
7.085798725688616240e-02
7.085775331454802206e-02
7.085671329624033954e-02
7.085603097470230538e-02
7.085607258074018422e-02
7.085583445084374377e-02
7.085559598850948992e-02
7.085457649100125599e-02
7.085468443858737586e-02
7.085460425330203371e-02
7.085445867528727959e-02
7.085460096882713332e-02
7.085462538317177650e-02
7.085474109247542895e-02
7.085464337351243813e-02
7.085461269475890056e-02
7.085470868959327373e-02
7.085451016170914162e-02
7.085418675449886572e-02
7.085271214887955971e-02
7.085249770615174858e-02
7.085261392935929270e-02
7.085184092899964037e-02
7.085142963469648336e-02
7.085154419801922843e-02
7.085160470275567168e-02
7.085152910366707135e-02
7.085145609976375991e-02
7.085134806745711777e-02
7.085115576182136887e-02
7.085108802065946676e-02
7.085118391088096601e-02
7.085125498950885226e-02
7.085134373523008233e-02
7.085052534739719188e-02
7.085043214997319150e-02
7.085035909401785070e-02
7.085026991649638617e-02
7.085015084181130185e-02
7.085032169349629594e-02
7.085082071382985125e-02
7.085165858848561926e-02
7.085189318456391883e-02
7.085270408835653289e-02
7.085374734482120795e-02
7.085368655481287525e-02
7.085425852180923800e-02
