1.830527069169413448e-02
1.033550890019141022e+00
2.130837557976956287e+00
3.254251948428518837e+00
4.377492154063456375e+00
5.524073125126141015e+00
6.594186961690455817e+00
7.596542904587655798e+00
8.710899684574718194e+00
9.799128742068033304e+00
1.084398578022172899e+01
1.191531891050242820e+01
1.299414198789799535e+01
1.403377348155294158e+01
1.511538351601451424e+01
1.618096854734657697e+01
1.719011769809216261e+01
1.816739102739536804e+01
1.915703147867894884e+01
2.022488091262713894e+01
2.131920643870232368e+01
2.233480042766297302e+01
2.320721449735797037e+01
2.411481390001117830e+01
2.488463311271393863e+01
2.567361265524544933e+01
2.649133269252009271e+01
2.729581468373124409e+01
2.810726406760739238e+01
2.891052676510214781e+01
2.975785822120302271e+01
3.056321113649731203e+01
3.139382085020221425e+01
3.222042431312473809e+01
3.304563429751424763e+01
3.390864238711139933e+01
3.470319584377497080e+01
3.554983056060937940e+01
3.642747017480301253e+01
3.735405572246824590e+01
3.820365158118521975e+01
3.907833005349623079e+01
4.005333898018320582e+01
4.092540468024482436e+01
4.179207065099105733e+01
4.272858473320394523e+01
4.360657271703085058e+01
4.442185416687290456e+01
4.521797528688617263e+01
4.605607494770601562e+01
4.698440234353766698e+01
4.793572213516385006e+01
4.881527778234048043e+01
4.967985353528732873e+01
5.064336626407718711e+01
5.161001431956633212e+01
5.258467487662018414e+01
5.345726313113173234e+01
5.429658208566798550e+01
5.517683447211106085e+01
5.604228114914099024e+01
5.693246207013168458e+01
5.788656881882370442e+01
5.872762962152617661e+01
5.955249123628248498e+01
6.042786644786006178e+01
6.133860117721254568e+01
6.227145737827640204e+01
6.329192854210263874e+01
6.421259180600277716e+01
6.511583658824038423e+01
6.610861236622321258e+01
6.708884683740915023e+01
6.797380221390112354e+01
6.879814127420763725e+01
6.976304748153062008e+01
7.073143738518602675e+01
7.166516451033305657e+01
7.268110686892711669e+01
7.361657584224043660e+01
7.461788667623794424e+01
7.564532523272917786e+01
7.662538551909834439e+01
7.763087678869486297e+01
7.865256724623736773e+01
7.973818353148136850e+01
8.068114245190952261e+01
8.157445869959948936e+01
8.247282630697152683e+01
8.339139935307211715e+01
8.436048599599391196e+01
8.540900091529680083e+01
8.639707370323073121e+01
8.747850955287570685e+01
8.838750243406197171e+01
8.941023800050423631e+01
9.038002138269261820e+01
9.141547244074853040e+01
9.233892266171471874e+01
9.337524464385380440e+01
9.440703782076066375e+01
9.530453450404961302e+01
9.633162469090748914e+01
9.721954120928202769e+01
9.813497892868339534e+01
9.918628080505233413e+01
1.002375826814210313e+02
1.011207962097466151e+02
1.022342820656505751e+02
1.031598225044161268e+02
1.042921203205154939e+02
1.052385629372760008e+02
1.062785428005641677e+02
1.072263788958578203e+02
1.081196951435477729e+02
1.090926138524353348e+02
1.099801820011766864e+02
1.109884602278390986e+02
1.118458944033044133e+02
1.129309881340985413e+02
1.139075647241351561e+02
1.149583440460541652e+02
1.159044382931814852e+02
1.168418232994775678e+02
1.178096906486829880e+02
1.188357357266411469e+02
1.200063542023979863e+02
1.210714166792802189e+02
1.221119190970183581e+02
1.232003223393283236e+02
1.240319771619332414e+02
1.250454809330944528e+02
1.259511643027647949e+02
1.269887055786203121e+02
1.280194536466275395e+02
1.290150163816765883e+02
1.300764209774098106e+02
1.311385223124094637e+02
1.321912176673115198e+02
1.333930152252445680e+02
1.343135043043282337e+02
1.354367445099634040e+02
1.365352504716378235e+02
1.376607550798890429e+02
1.388634235619048525e+02
1.401056319972949211e+02
1.412032670348860393e+02
1.423127466400076173e+02
1.434042852090167912e+02
1.441991870353136562e+02
1.452018913478441675e+02
1.461518176609371551e+02
1.471472062111693617e+02
1.481509556325996471e+02
1.492125344131493421e+02
1.504719871453851852e+02
1.516673398651028890e+02
1.527839610477060717e+02
1.538890860324119956e+02
1.549264531234508695e+02
1.559993539170811516e+02
1.572288468608573453e+02
1.583970267491815207e+02
1.593850995371156500e+02
1.603118592695976474e+02
1.612659660182897312e+02
1.621996931434367468e+02
1.633593379757462856e+02
1.644419931191076500e+02
1.655443311467475667e+02
1.666755838539472734e+02
1.677756574789710555e+02
1.688003090783962818e+02
1.698373277998018409e+02
1.711375397791277067e+02
1.724084887092606095e+02
1.736736895404452241e+02
1.747768984921684421e+02
1.757796028046986976e+02
1.767027046560316990e+02
1.776853777146503148e+02
1.785832227675723516e+02
1.794570303158003810e+02
1.803886672231478201e+02
1.813290133713263117e+02
1.823240535519250329e+02
1.835497144297358147e+02
1.847093592620453535e+02
1.859883206937430487e+02
1.869737807094276434e+02
1.878434078220566050e+02
1.888664917581319855e+02
1.898207726916407978e+02
1.907769696581323160e+02
1.917875122874109763e+02
1.927398771879369690e+02
1.937462393816163626e+02
1.947910964197701560e+02
1.960559488813210578e+02
1.973284654748036928e+02
1.985151089536903726e+02
1.995733782227240170e+02
2.006380923299729773e+02
2.016549056126502535e+02
2.026412365524178369e+02
2.037383490355588833e+02
2.048908522903869596e+02
2.057803364721111734e+02
2.070073908284546178e+02
2.082734625837221643e+02
2.093202356548586920e+02
2.105091435363611083e+02
2.117295788696725367e+02
2.128906171805151359e+02
2.139163138888400510e+02
2.151534709645478074e+02
2.164056079344852606e+02
2.176906658347648715e+02
2.189689305271961075e+02
2.202712327243214077e+02
2.215846827497111349e+02
2.228808884782550876e+02
2.240987110393171804e+02
2.251663862884484502e+02
2.264451735353294737e+02
2.276222368493013448e+02
2.288773349611214201e+02
2.301162338849953528e+02
2.313915374355436541e+02
2.325799227625963681e+02
2.338266600032182225e+02
2.350831515935712730e+02
2.363621130252686271e+02
2.374120214231043917e+02
2.384410276429451585e+02
2.394970325093630663e+02
2.404720414360500342e+02
2.414791003689957449e+02
2.426457125939703872e+02
2.439328607120494610e+02
2.451923134442848777e+02
2.464796357471803958e+02
2.475304150690995471e+02
2.484543878445154803e+02
2.494872261303220853e+02
2.506496579196976597e+02
2.518376948771174568e+02
2.531182239721646852e+02
2.544046753509772714e+02
2.556211044335061047e+02
2.568530359647149908e+02
2.579942172064622810e+02
2.592029821570602621e+02
2.604883884269728469e+02
2.616318340713363568e+02
2.626524794199792154e+02
2.637948799554428660e+02
2.648163962281689123e+02
2.659119410479605676e+02
2.669195225353565775e+02
2.681477961854160981e+02
2.694267576171135943e+02
2.704747499819665109e+02
2.716782893880653660e+02
2.728853124904969150e+02
2.741703703907763838e+02
2.754691888915693312e+02
2.767267255908221273e+02
2.777447581672153092e+02
2.787476366645624353e+02
2.796965178687557341e+02
2.806116072185240569e+02
2.818572993502464783e+02
2.831648270918706771e+02
2.844767094539105301e+02
2.857455681662439133e+02
2.870503089508019912e+02
2.883350184814481736e+02
2.896428945927054883e+02
2.908507886192202250e+02
2.920450962300378137e+02
2.930094798829106253e+02
2.939689863609181089e+02
2.952519540433979728e+02
2.965514692834572088e+02
2.978647451240296959e+02
2.991313394337467457e+02
3.003737220539530313e+02
3.014912141606392879e+02
3.024998407569350434e+02
3.035062029506145791e+02
3.045353833552719607e+02
3.058131254932529259e+02
3.071176920929943321e+02
3.082092306620034492e+02
3.091605504536294120e+02
3.102235227127119970e+02
3.115099740915244411e+02
3.128251659650799752e+02
3.139144401314728157e+02
3.151662287317771529e+02
3.163676779200770284e+02
3.174825572545140062e+02
3.187839885275564598e+02
3.200805426257329032e+02
3.213941668359388473e+02
3.226818375084677655e+02
3.239587087223658273e+02
3.249136863951409282e+02
3.260372749704088164e+02
3.273444543423992741e+02
3.285215176563713726e+02
3.297651195702941891e+02
3.310621962229209316e+02
3.323676337467456392e+02
3.335521870078324582e+02
3.348288840369139621e+02
3.361259606895405341e+02
3.374228631573505481e+02
3.387006052953317408e+02
3.396472220969087630e+02
3.408159245396828965e+02
3.419449128442662413e+02
3.430239101064784677e+02
3.442068957042154693e+02
3.452909443261098090e+02
3.465556226028438687e+02
3.477985277775006239e+02
3.487658725722566260e+02
3.497565581324399204e+02
3.509724646605197904e+02
3.521890679278665175e+02
3.534230896768746106e+02
3.547314883425822245e+02
3.559787481376546339e+02
3.572260079327265316e+02
3.584163092927618663e+02
3.597196565987866848e+02
3.608925394771600281e+02
3.618051902394953458e+02
3.629911369791153106e+02
3.642840331961427296e+02
3.655685685419726951e+02
3.668229699145263112e+02
3.681193498278864809e+02
3.694272259391453304e+02
3.705121454851224598e+02
3.714535367422010381e+02
3.725266117206482477e+02
3.737808389083862721e+02
3.749890813045340678e+02
3.761156310216850329e+02
3.774097465324294376e+02
3.784816022171601730e+02
3.797974908299825643e+02
3.810990962878417463e+02
3.823536718452116361e+02
3.835977963135846380e+02
3.848800672567991796e+02
3.861808017905742076e+02
3.874028047872352545e+02
3.884548034028710504e+02
3.895550512127114757e+02
3.908181618260961159e+02
3.918307946731730453e+02
3.928117258836264227e+02
3.938654663474281392e+02
3.951442535943086796e+02
3.962577394502131369e+02
3.974342802097352205e+02
3.985953185205779050e+02
3.998786345726912259e+02
4.011854655750491929e+02
4.024602465711475929e+02
4.037170865311343846e+02
4.046166734322225125e+02
4.057036831959995311e+02
4.069692323968170058e+02
4.082474970892478723e+02
4.093818851231476401e+02
4.105176666355792463e+02
4.117445468071061896e+02
4.129343256126919073e+02
4.141666055135339093e+02
4.154159555264055257e+02
4.166506740146803622e+02
4.179066430505823178e+02
4.191908300267788263e+02
4.204070849244913575e+02
4.214627414212756662e+02
4.224264283348823028e+02
4.235604679991475336e+02
4.248500547046592715e+02
4.261417316279705005e+02
4.273729664199132117e+02
4.283601682837641533e+02
4.293135782931896642e+02
4.303816019119543057e+02
4.315321891337998181e+02
4.327900742026859575e+02
4.340275796480265740e+02
4.351104089762054059e+02
4.363304959398840310e+02
4.374835217491616959e+02
4.385362171040632120e+02
4.395262059249805588e+02
4.405221170296625814e+02
4.417761700325830816e+02
4.429873735706134426e+02
4.441489344359060283e+02
4.453216431294637800e+02
4.464332129523849062e+02
4.474817278716874966e+02
4.486359729746815788e+02
4.498955998917341503e+02
4.509462050288366299e+02
4.520288601721975965e+02
4.531575001071478823e+02
4.542746438442011367e+02
4.553949229079535712e+02
4.564397799461073078e+02
4.575644136302753395e+02
4.587648177096752420e+02
4.599471065681466939e+02
4.611647549443923140e+02
4.621942837186830388e+02
4.634436337315544847e+02
4.646861905365774987e+02
4.656012798863456510e+02
4.668093480976769456e+02
4.678629143766616494e+02
4.689218803849626056e+02
4.698970634964663304e+02
4.710150781576023746e+02
4.720346783973457150e+02
4.729642250868939755e+02
4.741470364998139644e+02
4.753786196613894504e+02
4.765964422224517421e+02
4.777437199327807207e+02
4.789493495566791239e+02
4.800135411094782398e+02
4.810963704376564465e+02
4.821539429674232906e+02
4.830688581323747144e+02
4.841053542993302585e+02
4.851637977531809724e+02
4.861243493400879743e+02
4.870918683196597954e+02
4.882490745645363859e+02
4.894574911455011375e+02
4.904633307847303172e+02
4.915560886474559084e+02
4.927164302190322474e+02
4.939257177240796182e+02
4.950818788600565199e+02
4.960560168626604423e+02
4.971270016233078763e+02
4.982054763310702583e+02
4.993118206094922584e+02
5.003246276413870532e+02
5.012654963440154461e+02
5.022983346298223069e+02
5.034198329872911017e+02
5.045075394903348638e+02
5.055851432740141718e+02
5.065277538248089400e+02
5.075166975368258591e+02
5.085126086415079953e+02
5.095463178513974185e+02
5.105561637414096481e+02
5.114891941272902613e+02
5.125911837852971757e+02
5.136144419061887447e+02
5.146429255715810314e+02
5.157273225631083733e+02
5.167375168227541735e+02
5.177579879865800194e+02
5.187725368666410759e+02
5.198008463472154972e+02
5.207725457623866987e+02
5.218201897576061583e+02
5.228206296675208478e+02
5.237902388648923306e+02
5.247896336659080134e+02
5.258397162485598528e+02
5.268999015505767147e+02
5.279053928201735744e+02
5.289331797462976965e+02
5.298871123101730518e+02
5.309011386357841502e+02
5.318859019122023710e+02
5.328508081195254817e+02
5.339294570121046490e+02
5.349722238324588943e+02
5.359491487921281987e+02
5.369046490193546788e+02
5.379721500836697032e+02
5.390018530427765882e+02
5.400390459489987052e+02
5.410110778688571145e+02
