7.045349969427171146e-04
3.801205186369997335e-04
2.769823735015821461e-04
2.181014072339511822e-04
1.788808104672764293e-04
1.512616957165184128e-04
1.303785207930564707e-04
1.126007842070935356e-04
9.981042646137570234e-05
9.015790770041808184e-05
8.187874232133451934e-05
7.522596727133507586e-05
7.082516543543542495e-05
6.759062071555993316e-05
6.440361515209866601e-05
6.197429128512431666e-05
5.980061338869654183e-05
5.781506139855032805e-05
5.637961396686467049e-05
5.551236252362748403e-05
5.449162195724722361e-05
5.393256066766847232e-05
5.327731664234354876e-05
5.317527474893223521e-05
5.317380452242678090e-05
5.316107208432518434e-05
5.315708359785063303e-05
5.314927349996931744e-05
5.314608378915561569e-05
5.314488656932249753e-05
5.313333422263838993e-05
5.313030103292463611e-05
5.312571789240965261e-05
5.312185232418248631e-05
5.312031542640283799e-05
5.310823524007247801e-05
5.310375042469631725e-05
5.309802501568572938e-05
5.308950197685391600e-05
5.308704730515760242e-05
5.308424421503628424e-05
5.305698388779800422e-05
5.305494368562705510e-05
5.304649694145233005e-05
5.304027965763469661e-05
5.303703723210720909e-05
5.303116866093606879e-05
5.294781753034037393e-05
5.293594671860152410e-05
5.292370124221410492e-05
5.289378562764188374e-05
5.289159770844224860e-05
5.287696638621747512e-05
5.286684571490333237e-05
5.286034336459168173e-05
5.285548676423006657e-05
5.285364204363113451e-05
5.276869111828091794e-05
5.256167840683467649e-05
5.242970329320822574e-05
5.240309005855522408e-05
5.238964974476884148e-05
5.237653997976051209e-05
5.236008330678724315e-05
5.235511580150701064e-05
5.233089036293977738e-05
5.230729194205631030e-05
5.229196803773601497e-05
5.228071587659108022e-05
5.203281783453884616e-05
5.201602400445438061e-05
5.201373484094511758e-05
5.200951268122484193e-05
5.200457355289492153e-05
5.199338492020013318e-05
5.197986748543067544e-05
5.195852825385172607e-05
5.194493992516722840e-05
5.192267632581452772e-05
5.190777496599157590e-05
5.188057589263788305e-05
5.187296291094431287e-05
5.186481825736993892e-05
5.184298748243144634e-05
5.183948391129587069e-05
5.164657005814595809e-05
5.162204072109159345e-05
5.158914017487956733e-05
5.157636046565810455e-05
5.146783411112129192e-05
5.143516294185010792e-05
5.133172860110895051e-05
5.132515150315293290e-05
5.115053927200828424e-05
5.104533767415155612e-05
5.102113337405158797e-05
5.100526471898864279e-05
5.099493098456578583e-05
5.097790051763676075e-05
5.097049502602273149e-05
5.094043862377652446e-05
5.075482387852029277e-05
5.073344201688266704e-05
5.068037176805238075e-05
5.047768697309794626e-05
5.040456030181162111e-05
5.037159025433948767e-05
5.034834598794242456e-05
5.033451778362832695e-05
5.030890606089504695e-05
5.029857979057945737e-05
5.024122791235176072e-05
5.022546381112768913e-05
5.020032368246713487e-05
5.017014613349672435e-05
5.014737529485008044e-05
5.012827997670077764e-05
5.009989632822097117e-05
5.007583812221177354e-05
5.000575833198768575e-05
4.997415785917778941e-05
4.995298941922623570e-05
4.992609893960328491e-05
4.972219862657861376e-05
4.969708265335915493e-05
4.958635924992277463e-05
4.957284370084946528e-05
4.955003322867155543e-05
4.949075900870110028e-05
4.947458153538541293e-05
4.941293680754956451e-05
4.936297363324638603e-05
4.928423793976968481e-05
4.910559963339961346e-05
4.908750291096154533e-05
4.906654649654156356e-05
4.904737498227655282e-05
4.899830360948226207e-05
4.893858791762166146e-05
4.891962569753872687e-05
4.886834007048893372e-05
4.863553938766059876e-05
4.861539373976251586e-05
4.856781236361364519e-05
4.855301710108546147e-05
4.854546838144022423e-05
4.853108587719952343e-05
4.849997312543934461e-05
4.840167402637793749e-05
4.835078004497176752e-05
4.828987260387926144e-05
4.827934514260818832e-05
4.816440372324839672e-05
4.814089873610820233e-05
4.809868630551314498e-05
4.808684027539675510e-05
4.806716301027273252e-05
4.804276209419237740e-05
4.792740825043297493e-05
4.788731879855810615e-05
4.787618684866133337e-05
4.785206600227094527e-05
4.782954329962343541e-05
4.780023144529516960e-05
4.774063427841302934e-05
4.764174741964507582e-05
4.753836364254765130e-05
4.749732663809258022e-05
4.736566473350989966e-05
4.710096383982502954e-05
4.707433078852979067e-05
4.705187242912412920e-05
4.702555961726090177e-05
4.694797618490546224e-05
4.693200094521233687e-05
4.692603769755388415e-05
4.691009732577129925e-05
4.680808834366962924e-05
4.671854986445514516e-05
4.659576329199870208e-05
4.655372634779816454e-05
4.645012003036209832e-05
4.637408671009618212e-05
4.632474119609690185e-05
4.620251341957099325e-05
4.614122780215170562e-05
4.611601449708500043e-05
4.605648891356498893e-05
4.604986518633066546e-05
4.600391651954402852e-05
4.590069480716509466e-05
4.572243320281177127e-05
4.568639672638139730e-05
4.561324150033602387e-05
4.557826198742925827e-05
4.553412003287068868e-05
4.539536990456652615e-05
4.536249635493329384e-05
4.534784155581882402e-05
4.534070736211235519e-05
4.531387499395942000e-05
4.528171077266774166e-05
4.520733641764295926e-05
4.506803263969639558e-05
4.503377039783934099e-05
4.498348287601916480e-05
4.495410228024248630e-05
4.485171839841722597e-05
4.482750314310702844e-05
4.481967718915684068e-05
4.479845626893831509e-05
4.477392699772849029e-05
4.475785510964160226e-05
4.474787457887666946e-05
4.472515756252845706e-05
4.466397230498820025e-05
4.463730150298556867e-05
4.461904050995591176e-05
4.461614132936653226e-05
4.459510263786374605e-05
4.458218788273957296e-05
4.456869262877488842e-05
4.457078480902120513e-05
4.449204829996175446e-05
4.446574062707606806e-05
4.445421162661922172e-05
4.443668519386848753e-05
4.442901565649217972e-05
4.442513401440440065e-05
4.426300235075977059e-05
4.409815077687381194e-05
4.402506670882930332e-05
4.396425034198016572e-05
4.392552553701543932e-05
4.384992291827066979e-05
4.370507662662240819e-05
4.368588858254544762e-05
4.359488384749777705e-05
4.336063983507181836e-05
4.334584449085529610e-05
4.334048071986042492e-05
4.331695597797210703e-05
4.322727680929535905e-05
4.315863166964033660e-05
4.311837826431850503e-05
4.307484031076769346e-05
4.307057545265443975e-05
4.306329356552007580e-05
4.306660951328499480e-05
4.305688351442322543e-05
4.304434065384617881e-05
4.304077539811095493e-05
4.304265160558266135e-05
4.302574330249496893e-05
4.295485651592695906e-05
4.290325793681323081e-05
4.281367080816799006e-05
4.279207436529864082e-05
4.277987651645948243e-05
4.265238237818382174e-05
4.261235080995475291e-05
4.260581367157674699e-05
4.245100445853485692e-05
4.238285522466530517e-05
4.233509350344919218e-05
4.233707380513708262e-05
4.231483988904513447e-05
4.229685078920165903e-05
4.226459018635124080e-05
4.224918595029842787e-05
4.218640630096085831e-05
4.200593202503221356e-05
4.199278166443383002e-05
4.200927184705534123e-05
4.197299913787432099e-05
4.198952961662053880e-05
4.197382592488963697e-05
4.196264402870752280e-05
4.194365934785879700e-05
4.195945987411983934e-05
4.194289379869384291e-05
4.187952431844322584e-05
4.183775268260595253e-05
4.180800201548311412e-05
4.182968617296771793e-05
4.179467130510063284e-05
4.173342029058338442e-05
4.171721797922475875e-05
4.164809673351824794e-05
4.148162676760615671e-05
4.136805002006833601e-05
4.128807166865402508e-05
4.128229393473043939e-05
4.127125255881559528e-05
4.123449653077078262e-05
4.119465797126192606e-05
4.114742526915642177e-05
4.113839317083060757e-05
4.113257344728955714e-05
4.105980622194018191e-05
4.102908502966685011e-05
4.101702094722097853e-05
4.100055076716659520e-05
4.100959753849141770e-05
4.102207914620663895e-05
4.100591191458601009e-05
4.099906943383513781e-05
4.087524934489017810e-05
4.066774511168527181e-05
4.058062178154972439e-05
4.058653583173777943e-05
4.053319650997093361e-05
4.047003168732703508e-05
4.044261749693621666e-05
4.041783750267610617e-05
4.036080136611273667e-05
4.034746353220343000e-05
4.037718076836807135e-05
4.034164937996214875e-05
4.029862205784273568e-05
3.996950175922737080e-05
3.991589449019941214e-05
3.987687957340890142e-05
3.980445554223452956e-05
3.983688912590303957e-05
3.976382499703123293e-05
3.977581393503501700e-05
3.980088816613644009e-05
3.979561221853906262e-05
3.963026361752392663e-05
3.962393170565667365e-05
3.960952559735629380e-05
3.960264167141434497e-05
3.962253616385900544e-05
3.965965160033233986e-05
3.960877121351217097e-05
3.961618842503528750e-05
3.962653045835126556e-05
3.951303397035108787e-05
3.943096085153862009e-05
3.939535001820657561e-05
3.939833514304161928e-05
3.939014388054486236e-05
3.937177962682615032e-05
3.940135945842264013e-05
3.938797785758769613e-05
3.936649890110398438e-05
3.930315583216313847e-05
3.932162951763951917e-05
3.931562382589499921e-05
3.933709294172370026e-05
3.930638565532302409e-05
3.931340622785819028e-05
3.920324043715309463e-05
3.918999510792717174e-05
3.917810006176073329e-05
3.902774780178484799e-05
3.896613032559952751e-05
3.889240564234060595e-05
3.887124949620386280e-05
3.883098190621347512e-05
3.869100600646482223e-05
3.877336787519246970e-05
3.872554265602880187e-05
3.866976160298410040e-05
3.856622635934807099e-05
3.848539550835038304e-05
3.849012886796374387e-05
3.849453647153305087e-05
3.813879156040450959e-05
3.813091572131216216e-05
3.808911761886513516e-05
3.809417340175154674e-05
3.810715608692607142e-05
3.809732985813925473e-05
3.777162727015834963e-05
3.782916498695748615e-05
3.786608559280331854e-05
3.786939105846887072e-05
3.773783209816106664e-05
3.739108608536384850e-05
3.733567005626810758e-05
3.743475989719279230e-05
3.738783010489660436e-05
3.735831484671723034e-05
3.731745166648107358e-05
3.728812165526827646e-05
3.729160830195559975e-05
3.728063557928194225e-05
3.731308327444623764e-05
3.733469736900538232e-05
3.742381797743522012e-05
3.746524869638202506e-05
3.751439687710825835e-05
3.751188386303576719e-05
3.751576036217962775e-05
3.748565515629892687e-05
3.739146799910251964e-05
3.751168325508780286e-05
3.748980333870827858e-05
3.746245887055585957e-05
3.746923893396225907e-05
3.733339509177999448e-05
3.734212078657131283e-05
3.735919744913337049e-05
3.708228868516507591e-05
3.715302545985009751e-05
3.727272362791615170e-05
3.720714619327965478e-05
3.741535865392261448e-05
3.722942223341340647e-05
3.717205578652315608e-05
3.715833656344359732e-05
3.684151191637519748e-05
3.673350977473754123e-05
3.707982785081897191e-05
3.668087881691651760e-05
3.659333508311786914e-05
3.656456885542606596e-05
3.667847508328360266e-05
3.624854359139724632e-05
3.627017188776395407e-05
3.637666255648915677e-05
3.635002034313880402e-05
3.642425593697352779e-05
3.618453120818094262e-05
3.626354401618340779e-05
3.620774467164726335e-05
3.639547592892664626e-05
3.665365543246321643e-05
3.635236666970452090e-05
3.696582215734527858e-05
3.712640681487495574e-05
3.697181236191177090e-05
3.674649086284461014e-05
3.719450950982325832e-05
3.709136067932234060e-05
3.719871367066192655e-05
3.746684449917454628e-05
3.739069909275044475e-05
3.736867339509006790e-05
3.703904755672409788e-05
3.757002222697032644e-05
3.780338341754332411e-05
3.930922900918337433e-05
4.059875397913896339e-05
4.195970921445490721e-05
4.232586009624201596e-05
4.331758823360478924e-05
4.349272110024379664e-05
4.358883148250464423e-05
4.542207306890970762e-05
4.800914394571540789e-05
4.932599011618007685e-05
5.102665190973721391e-05
5.321793195434871719e-05
5.395095250649212709e-05
5.651727769369826473e-05
5.754698556689032070e-05
6.042845395615960080e-05
6.251935362747216944e-05
6.542430480947213924e-05
6.418532879709097682e-05
6.853563835630690853e-05
7.727199698504980065e-05
8.858654639720609425e-05
9.383480593787594864e-05
1.023804261588516078e-04
1.086828169174624691e-04
1.116224790664059938e-04
1.154019302229168854e-04
1.254202897104211823e-04
1.295238808895896379e-04
1.485562323768761697e-04
1.695357711774256651e-04
1.902408984937763907e-04
2.054002828849063687e-04
2.328547531936236308e-04
2.610339629973055750e-04
2.785477439016738506e-04
3.341296475345330048e-04
3.667826080197803158e-04
4.231393404679539079e-04
5.119033765596612412e-04
5.991059731884081736e-04
6.779958035813545914e-04
7.181503142385795751e-04
7.968572288617892111e-04
9.045611347673404232e-04
1.114355344342199102e-03
1.276380486123726262e-03
1.444685717187279205e-03
1.624661454436424806e-03
1.940146851018747674e-03
2.093779421492074789e-03
2.398096620150099410e-03
2.726473070140060084e-03
3.135704143666987603e-03
3.406606957328640797e-03
3.746152054928120201e-03
4.591826736693924854e-03
