9.290370779091587352e-07
8.941509956519028729e-07
8.641934567394222829e-07
8.383511221717321513e-07
8.136708724789818251e-07
7.916592752196289200e-07
7.703978623999889059e-07
7.510220888893585102e-07
7.331204125423547215e-07
7.165656639183717635e-07
7.017390410556687501e-07
6.874186235343703010e-07
6.741664082374258241e-07
6.619308251102245830e-07
6.502576372536199866e-07
6.371214312771449780e-07
6.255696321032901071e-07
6.138570701524732144e-07
6.036909892356158352e-07
5.935361819034201125e-07
5.838811214069519515e-07
5.745958221097264034e-07
5.657053922605780542e-07
5.567856433914917682e-07
5.485403633356096014e-07
5.413680639660332390e-07
5.324688998255487300e-07
5.245292384766758258e-07
5.173875065233401619e-07
5.103072913888393566e-07
5.031598808198003634e-07
4.967415177046980440e-07
4.898881375145253129e-07
4.830956004911867878e-07
4.767120166055011773e-07
4.705367607357321062e-07
4.639074084412217888e-07
4.579054674997569263e-07
4.528184476602220332e-07
4.474222952952659769e-07
4.418101712516996471e-07
4.361888767965212915e-07
4.316094954737903203e-07
4.259416977699026857e-07
4.206020648496402905e-07
4.159395752740650782e-07
4.110132982934309782e-07
4.055176053752455368e-07
4.009981350875843336e-07
3.963767696536045949e-07
3.916960118962716367e-07
3.873620280687404761e-07
3.830396206176796842e-07
3.792511958118195691e-07
3.750389411044355875e-07
3.709639036570451028e-07
3.674295491224290905e-07
3.636265457574813896e-07
3.602685179050862592e-07
3.568465344541546573e-07
3.528220262921453654e-07
3.494834384368161159e-07
3.465780653466184212e-07
3.431085654557747596e-07
3.397425286831112753e-07
3.361092193639597169e-07
3.327334215631294840e-07
3.299576251273962288e-07
3.267322797132489339e-07
3.232299179737478386e-07
3.202339548261209736e-07
3.168070884872424291e-07
3.139428672459774032e-07
3.105508513785793126e-07
3.071943831273821126e-07
3.045200289730798924e-07
3.022558026552716494e-07
2.996620789327225509e-07
2.969541300545144268e-07
2.943170489910234030e-07
2.921513260002150120e-07
2.893579375096510679e-07
2.864269478231658294e-07
2.842314505478696622e-07
2.822368567502362406e-07
2.796986088265482259e-07
2.767099755630671728e-07
2.746807104828178358e-07
2.731201902198612195e-07
2.703653377565630299e-07
2.672051756807169054e-07
2.653982844469345025e-07
2.635825626777298128e-07
2.609155560766685612e-07
2.589450153612721468e-07
2.566193031095657669e-07
2.550753791038051031e-07
2.534360611236136358e-07
2.511119919790637837e-07
2.491841019877714540e-07
2.470957449828753820e-07
2.452119191781072950e-07
2.437178825727376933e-07
2.417791689846033116e-07
2.396272466920004520e-07
2.379643171398123545e-07
2.363613380372300791e-07
2.347585870860411059e-07
2.329059940865861291e-07
2.316145042657865250e-07
2.292922105035313684e-07
2.280085984143550824e-07
2.264291530857744684e-07
2.251083196496708548e-07
2.231975653408606642e-07
2.215917078688234116e-07
2.200649933799702517e-07
2.188039275708988349e-07
2.178231015344179152e-07
2.171294779884392693e-07
2.155128317929269985e-07
2.143626265262074577e-07
2.126325334361318868e-07
2.107048105048325419e-07
2.086595768376467245e-07
2.073119007578474503e-07
2.060911238472950892e-07
2.050417434545965590e-07
2.038003254158989471e-07
2.028087043098861680e-07
2.019377889626094977e-07
2.006782024159504414e-07
1.991396416548279530e-07
1.979694439717103304e-07
1.970235207846386843e-07
1.958839727625091573e-07
1.950379553735847265e-07
1.943649182667592367e-07
1.935281880517147541e-07
1.925984283971453263e-07
1.912900383292143036e-07
1.899679430967855869e-07
1.887222216697797044e-07
1.880971745568806624e-07
1.872837073748046351e-07
1.866646752084745778e-07
1.857075528058189980e-07
1.847870114571894602e-07
1.841287176409590159e-07
1.829684439507113879e-07
1.817249403567203968e-07
1.810273389037927364e-07
1.802680905589443022e-07
1.782515987372424668e-07
1.774830810841189259e-07
1.768202065084446794e-07
1.761429531171553563e-07
1.756985846692309546e-07
1.751564005294525074e-07
1.739813562344871969e-07
1.733790925947406335e-07
1.728713802880080256e-07
1.725257807134200794e-07
1.718188214531792207e-07
1.707353337751316458e-07
1.703404760820035706e-07
1.701769740523901929e-07
1.699193194024609222e-07
1.683938785000151423e-07
1.681252669416706849e-07
1.680930271935731413e-07
1.680135991875924524e-07
1.678513617260744963e-07
1.666388794010626876e-07
1.656661567478202224e-07
1.650954497711004913e-07
1.647966729933081435e-07
1.638687538293227064e-07
1.634057530923347488e-07
1.628440724896042295e-07
1.624276501451972542e-07
1.621472561569412604e-07
1.620392751766203763e-07
1.619212235657664980e-07
1.618985998276352448e-07
1.614723637955173280e-07
1.612905902027412864e-07
1.611769131847334554e-07
1.611122339659780702e-07
1.607468860853476619e-07
1.606978741340928002e-07
1.598914174320065920e-07
1.593781633662007669e-07
1.589792865585518050e-07
1.589388705820715350e-07
1.587598305143593466e-07
1.586231329959012172e-07
1.584707472365287348e-07
1.584953071811346534e-07
1.583205056943037050e-07
1.578239828893563631e-07
1.577823114538014149e-07
1.576798274461859084e-07
1.573719821621990559e-07
1.572628168979582267e-07
1.572760578666488339e-07
1.570899555339820716e-07
1.571226161127670383e-07
1.570163136047996083e-07
1.570499690222901089e-07
1.570534903927682521e-07
1.570207284096614031e-07
1.570030537563767051e-07
1.553545322951655448e-07
1.553089111864468006e-07
1.553259071301145616e-07
1.551935219194012612e-07
1.550760442329502394e-07
1.550335123842079381e-07
1.548867064041948528e-07
1.540567484933577019e-07
1.532869235706144917e-07
1.527700190510106007e-07
1.525687785943718434e-07
1.523439330597094958e-07
1.522731526693165396e-07
1.518297670645929646e-07
1.516240416308469498e-07
1.516195649011497603e-07
1.514797116949172791e-07
1.514345494467243667e-07
1.513962724641224343e-07
1.512431611612031033e-07
1.511977274038078606e-07
1.511313726062752451e-07
1.510353870140185837e-07
1.508403562227300800e-07
1.508522444757847508e-07
1.508582104699459302e-07
1.507731678345807091e-07
1.506758487228608255e-07
1.506416262432479834e-07
1.506460932130162968e-07
1.506261292090152858e-07
1.506033791709483354e-07
1.503904670167158365e-07
1.503843713178844516e-07
1.503362066520592604e-07
1.503234200057621835e-07
1.503279530882283376e-07
1.489915949058407222e-07
1.485889801823915664e-07
1.479631684606575318e-07
1.477633557009954824e-07
1.475654343902142062e-07
1.461261346592326973e-07
1.453012926115671969e-07
1.446239081589350609e-07
1.443764611876311385e-07
1.442023803800768507e-07
1.441148289668330540e-07
1.441188913508481373e-07
1.440076702949137597e-07
1.439113465977308305e-07
1.436966363685820155e-07
1.436612704402758726e-07
1.435563090637340423e-07
1.435252467525296952e-07
1.435194641442215390e-07
1.434445127027741853e-07
1.432325431967765064e-07
1.431185447301534777e-07
1.430508833098180242e-07
1.429983142452409151e-07
1.429288763345895508e-07
1.427124169083391948e-07
1.427243472359007036e-07
1.427198775725585123e-07
1.426932314689252053e-07
1.426602192392112449e-07
1.425445046521134981e-07
1.425248511219239899e-07
1.424162732870438558e-07
1.423925288760092876e-07
1.423103284060738753e-07
1.416449569885588331e-07
1.410930319859130630e-07
1.411402501955308182e-07
1.410889099646840645e-07
1.411266130473240909e-07
1.410865759993630265e-07
1.407947795307070672e-07
1.406384387767373578e-07
1.406645009767585399e-07
1.405826549423189106e-07
1.406448618833558096e-07
1.404636402241681404e-07
1.404985952442111722e-07
1.404060738013067142e-07
1.404177916279720854e-07
1.403348359589125820e-07
1.403337697457874700e-07
1.402940598386128320e-07
1.402388258472793708e-07
1.401829117284991567e-07
1.400689129302358623e-07
1.400602244811116337e-07
1.401180784770096246e-07
1.401075820906865688e-07
1.400943450801127644e-07
1.399442288970922294e-07
1.399275959110062693e-07
1.398237437930658206e-07
1.397892043908652932e-07
1.397807301187008144e-07
1.396630691240756196e-07
1.397420903260664882e-07
1.393937552856326607e-07
1.392864868886878935e-07
1.393059353294070825e-07
1.391002411249018593e-07
1.388337411043727740e-07
1.385614724831208428e-07
1.385524924279828719e-07
1.383368066019041676e-07
1.382996002941967433e-07
1.377404276055377147e-07
1.378898879143090284e-07
1.377309807797127120e-07
1.377717604441776990e-07
1.375902699426459995e-07
1.373664128085776511e-07
1.372337221152331090e-07
1.373202311472837620e-07
1.373010664151151452e-07
1.372807308835219324e-07
1.371688021730713821e-07
1.371237602312429928e-07
1.370884831606400845e-07
1.371034029528919314e-07
1.369887274665317703e-07
1.369419868258417034e-07
1.369649478635185664e-07
1.369218845926419436e-07
1.368769651993102613e-07
1.368105247244924927e-07
1.366762983341682039e-07
1.366154724869233493e-07
1.364089097836092128e-07
1.363686611798702351e-07
1.362644333952530662e-07
1.360724717809436155e-07
1.360334270186887216e-07
1.360021958400373238e-07
1.358893465599397766e-07
1.355655815001018839e-07
1.354262802028557032e-07
1.353917437232877002e-07
1.349693024428664709e-07
1.346435554094804742e-07
1.343909936787788288e-07
1.342795613685124877e-07
1.342620933053684350e-07
1.343094157246784938e-07
1.340525723985622199e-07
1.339942369086106124e-07
1.339220273045246682e-07
1.339665810121817763e-07
1.339100810728957501e-07
1.337481393735610534e-07
1.337465344891225538e-07
1.337202681473395300e-07
1.336807017631707745e-07
1.337625941094941634e-07
1.336117124314359204e-07
1.334429423828897433e-07
1.334186813792195019e-07
1.334231630065871357e-07
1.334278610593959296e-07
1.331498659324188028e-07
1.329694893993943300e-07
1.328452979411118261e-07
1.328328697479437610e-07
1.325806626234300194e-07
1.325926011779663968e-07
1.325181226589769572e-07
1.325194668291703922e-07
1.324022275946423013e-07
1.323887874722993014e-07
1.322773011385450438e-07
1.322425059988725029e-07
1.319652085599537524e-07
1.319451335454100079e-07
1.318345211702660087e-07
1.317690527128666047e-07
1.316483812805118161e-07
1.317063697036482324e-07
1.314682533686655723e-07
1.313804508356661824e-07
1.311295421884036490e-07
1.309212155635625955e-07
1.307907550184032542e-07
1.306941321218441224e-07
1.304249024956273201e-07
1.301926247342042866e-07
1.299897802780060442e-07
1.299559956923870030e-07
1.299244449685484148e-07
1.298979188459165941e-07
1.296995168160153895e-07
1.296210679512720755e-07
1.296103364153529108e-07
1.296040696321020551e-07
1.295775330420597360e-07
1.295314776390054474e-07
1.296135623951567363e-07
1.295250633441172268e-07
1.296103699895905997e-07
1.294284547068064229e-07
1.295252106922254315e-07
1.294877000352682796e-07
1.294225341971739547e-07
1.294477129988452294e-07
1.293883195321057131e-07
1.294271252963855781e-07
1.292857246522524421e-07
1.292987869042729886e-07
1.289666239582222492e-07
1.291317127213167229e-07
1.290059572086938702e-07
1.288391446822974527e-07
1.285993525158460083e-07
1.285690286580236202e-07
1.285597906543259508e-07
1.285934906725542942e-07
1.285262311694045907e-07
1.283835102955348140e-07
1.283035812025358189e-07
1.282506795449351807e-07
1.282144969333698361e-07
1.282264810839918638e-07
1.279321195837028367e-07
1.276915885154442089e-07
1.275936462220833407e-07
1.274243070253531175e-07
1.274323863776395775e-07
1.272919863202179219e-07
1.273067325189141916e-07
1.273097902887059116e-07
1.271611614807151639e-07
1.272608167239688122e-07
1.270465505820963358e-07
1.271659623782762154e-07
1.268779313419637916e-07
1.266863269569478517e-07
1.266289493394664155e-07
1.265563738311781729e-07
1.265803920964124186e-07
1.263749345169939879e-07
1.264111929850612420e-07
1.262291874731876784e-07
1.262860226232454898e-07
1.260615020004469696e-07
1.259321787079263967e-07
1.258082333822317789e-07
1.256884471690829307e-07
1.253401558021250760e-07
1.253443885757220923e-07
1.252833921662750989e-07
1.251729179481550445e-07
1.250836867432826702e-07
1.250608334061509618e-07
1.249377092973952861e-07
1.248670654930469200e-07
1.250210424650426461e-07
1.248556939143553256e-07
1.248349078884521430e-07
1.247386544937736000e-07
1.246580413435795062e-07
1.245183168054462618e-07
1.245172684084903956e-07
1.243099082558456829e-07
1.245013498062438173e-07
1.242520353400785016e-07
1.244447206306278517e-07
1.244461447791970375e-07
1.245809024236299603e-07
1.245566932227443001e-07
1.243321916403256300e-07
1.243423373300928101e-07
1.243944409493585275e-07
1.242691179421729718e-07
1.240919164809153007e-07
1.244881427140908698e-07
1.240328338470274806e-07
1.243630539276602072e-07
1.241374966187689709e-07
1.241444243336341871e-07
1.243947485069024822e-07
1.240115429371938525e-07
1.243612191803335375e-07
