1.951601286382992698e-02
1.001054594330125447e+00
1.985383671980865294e+00
2.985758101045235424e+00
4.053278838127384986e+00
5.104405411747112709e+00
6.232793841306953020e+00
7.343218453442164062e+00
8.456084749610084828e+00
9.612029326546663199e+00
1.072210512658161363e+01
1.186775974972586134e+01
1.302823888257616680e+01
1.415680171821187550e+01
1.528606217809956647e+01
1.630126111681853729e+01
1.739180344551808233e+01
1.845705690495215379e+01
1.946214029595465433e+01
2.043722585575356021e+01
2.153300036415561181e+01
2.249134294828900238e+01
2.343695389490595460e+01
2.428367664231506495e+01
2.519894094573117727e+01
2.598793530853539480e+01
2.679367264710820606e+01
2.762888459850259082e+01
2.849984977913371864e+01
2.947284246705156008e+01
3.043955653917204529e+01
3.142109512084423173e+01
3.233845229629569218e+01
3.313669017684888018e+01
3.394975256690231191e+01
3.488455034175677838e+01
3.593201438963625094e+01
3.692837748111737284e+01
3.780248196977582609e+01
3.861885807362364886e+01
3.942930437387737896e+01
4.025998176961544317e+01
4.106292861215818846e+01
4.189848937575581544e+01
4.268818136250325068e+01
4.355234470916071388e+01
4.441738008599176624e+01
4.522433826632375542e+01
4.635185466607047999e+01
4.737682034045721480e+01
4.829347989181133016e+01
4.930222580860576898e+01
5.032073846117056348e+01
5.139907237006666207e+01
5.226864230255399235e+01
5.307211236327284354e+01
5.409045061001923926e+01
5.504478185620913422e+01
5.624816486385522296e+01
5.740463265901937007e+01
5.845785210457155046e+01
5.937172115984403575e+01
6.020327058565243306e+01
6.112725518889850918e+01
6.198618635575048330e+01
6.283622281664511888e+01
6.366533055852395506e+01
6.448711324856196825e+01
6.533994020579550011e+01
6.626845936474957455e+01
6.713506439543988336e+01
6.801945883773626633e+01
6.897780142207551535e+01
6.989777468717259978e+01
7.095308700476024910e+01
7.194386910412995917e+01
7.290849030421524901e+01
7.391165522930981524e+01
7.502696320935608298e+01
7.607826418915465183e+01
7.725443986152421871e+01
7.841125646847980590e+01
7.963382413561826922e+01
8.078645499865746160e+01
8.204128777485351520e+01
8.318537274398404691e+01
8.435631623649670985e+01
8.562771758243691522e+01
8.688080629869782001e+01
8.803989018355879637e+01
8.928251454026015210e+01
9.052304602497723351e+01
9.172503378447916589e+01
9.295527531555852363e+01
9.429800871410165541e+01
9.559853586096903655e+01
9.674750419801068801e+01
9.757626312763450471e+01
9.840240596745860557e+01
9.942754604812664354e+01
1.006464511891646367e+02
1.018343120630071468e+02
1.026813836222076617e+02
1.035054335897907691e+02
1.043179727620801742e+02
1.051957397765822435e+02
1.063171519662471241e+02
1.076330268408936490e+02
1.089422742876940475e+02
1.101599585867155753e+02
1.113765964498995373e+02
1.126310804142011222e+02
1.138445789695636137e+02
1.149722697752321068e+02
1.160457203164233988e+02
1.171925957814811312e+02
1.181542520798719522e+02
1.190639353914851171e+02
1.200057094060281599e+02
1.210264893364979883e+02
1.220055862339826405e+02
1.229182344474959336e+02
1.237494350611012806e+02
1.246721988223824695e+02
1.255271186511879051e+02
1.264252911670434969e+02
1.273595657239275738e+02
1.283536615372979384e+02
1.294469943618731520e+02
1.305439897122915340e+02
1.316153473813442076e+02
1.326689156389449238e+02
1.336753942779877207e+02
1.346541423635786998e+02
1.355687090430519390e+02
1.365233891014452752e+02
1.376617186728517481e+02
1.388586486586245599e+02
1.399948853582529011e+02
1.413025631513482097e+02
1.426369250617499063e+02
1.439357081486307379e+02
1.450731656900694873e+02
1.462416674988066916e+02
1.473717999884046037e+02
1.485193730775598340e+02
1.497183959353164937e+02
1.510211903603979522e+02
1.522692213028778383e+02
1.532462253283789835e+02
1.541250387785123621e+02
1.550983802784276122e+02
1.560793956418722530e+02
1.570958154226076999e+02
1.584118647033815250e+02
1.597148335344358827e+02
1.609483887791554935e+02
1.622061864573545336e+02
1.634379976424476695e+02
1.647420129093396213e+02
1.659363268054669334e+02
1.667779917787350428e+02
1.676088435802919037e+02
1.684752742049063556e+02
1.693050795708826683e+02
1.701673244516836121e+02
1.710126519511033223e+02
1.719462288838897166e+02
1.729551492068109724e+02
1.738022207660625043e+02
1.746613263387334598e+02
1.755261873092831308e+02
1.763774446123486825e+02
1.772210280516273713e+02
1.780721109486684099e+02
1.789540637068812714e+02
1.798548523126405883e+02
1.807286079892505768e+02
1.816271293174129937e+02
1.825336733210510545e+02
1.834534721804843969e+02
1.844151284786186693e+02
1.855231114069270859e+02
1.865838303104988540e+02
1.877940151519125322e+02
1.889454251729868304e+02
1.900975328181072541e+02
1.912667322505818106e+02
1.923101849606206599e+02
1.934418871042833530e+02
1.944122637023488380e+02
1.953686878206244160e+02
1.962785455380041526e+02
1.971897985035791976e+02
1.982737134045354708e+02
1.992627514441247456e+02
2.002233613064211681e+02
2.012150154357061922e+02
2.022117273389263232e+02
2.031930915146767518e+02
2.041889313878790233e+02
2.053204591255695561e+02
2.066042432969778133e+02
2.077443169283716884e+02
2.087800957746233621e+02
2.097457634110602385e+02
2.108516534674873242e+02
2.119296385643348231e+02
2.129866949418581044e+02
2.140882248482426462e+02
2.152469599210554634e+02
2.164778990759239150e+02
2.177299413561927679e+02
2.188977455407293746e+02
2.200721771531123636e+02
2.210481347428791139e+02
2.220488579842497074e+02
2.230874273264287240e+02
2.241040215131362174e+02
2.251970055258682066e+02
2.263414393070470396e+02
2.272612381663252563e+02
2.281435397365347910e+02
2.290601992877857356e+02
2.301170812592848733e+02
2.311926246724092664e+02
2.324739671598872803e+02
2.337624602931817037e+02
2.351004847292209661e+02
2.364153131678757802e+02
2.377228165547925869e+02
2.389882880968297627e+02
2.402917801456487723e+02
2.415617862433938399e+02
2.428220256055228106e+02
2.441190646327259230e+02
2.453414578939431578e+02
2.464661837977630512e+02
2.475548076604515870e+02
2.486476172670050744e+02
2.498025154080526420e+02
2.509490420612159483e+02
2.522684050561448146e+02
2.535398064020335767e+02
2.548030106660624199e+02
2.559861625782239685e+02
2.573063976027599438e+02
2.583426996667765252e+02
2.592492436704649776e+02
2.603720511085820704e+02
2.616731014735224790e+02
2.626145266762737265e+02
2.634516570936269773e+02
2.643302961378381610e+02
2.652520134628700248e+02
2.662591897259078451e+02
2.672484021711094329e+02
2.681743052403151637e+02
2.691495652060355610e+02
2.701014547689649135e+02
2.713081514904054075e+02
2.725722277843502184e+02
2.738336879882893982e+02
2.750527675355576207e+02
2.763180646717763693e+02
2.774597079571315135e+02
2.784197946014059539e+02
2.793824973356340706e+02
2.802710775215377339e+02
2.812376171875816340e+02
2.822095634396097807e+02
2.831403498765206450e+02
2.844211691459251483e+02
2.854217179809626828e+02
2.863641896199127928e+02
2.874658939322692390e+02
2.884805696530695514e+02
2.895364051886792822e+02
2.906021818661358225e+02
2.918540497404832195e+02
2.931191724702654824e+02
2.944111537235846185e+02
2.956384303525070436e+02
2.968944839707193637e+02
2.980458939917941166e+02
2.992539859612242594e+02
3.006050908466741589e+02
3.019561957321240016e+02
3.033043357157768583e+02
3.045373677428354426e+02
3.057946422030126428e+02
3.071080753937296777e+02
3.083700588157420270e+02
3.096955260202893783e+02
3.109289068590875331e+02
3.122180976164279969e+02
3.135088580276791959e+02
3.145779484189302480e+02
3.157143595243253458e+02
3.170347689548856920e+02
3.182362334964175261e+02
3.194830435967778044e+02
3.206888682883020465e+02
3.219611416640553330e+02
3.231592924918957692e+02
3.244812715763669075e+02
3.257162220691271273e+02
3.267736272587494568e+02
3.278932953886329642e+02
3.292185881870528874e+02
3.304852805709520567e+02
3.318034227235040703e+02
3.330313969765752518e+02
3.342618129136278071e+02
3.354411278940245325e+02
3.364013889443740482e+02
3.374453648722801518e+02
3.387174638421636246e+02
3.400394429273043784e+02
3.413300289324281493e+02
3.426101505780956700e+02
3.438346367110907522e+02
3.450181374351981844e+02
3.463476159774302801e+02
3.476729087758998276e+02
3.487245585678487600e+02
3.496569146587208934e+02
3.507809429386985016e+02
3.517563773103392464e+02
3.526829780033850170e+02
3.536235311762207516e+02
3.546744833439697686e+02
3.559465823135423079e+02
3.572036823675389883e+02
3.584869433208202167e+02
3.596184710584061008e+02
3.607944723246471312e+02
3.619678575009869519e+02
3.629466055868356307e+02
3.638951814355072543e+02
3.647930051394179145e+02
3.657841360506819797e+02
3.669995530719525050e+02
3.682587459979347955e+02
3.695407861094074633e+02
3.707296934193960851e+02
3.718308745138854192e+02
3.729515890797100042e+02
3.738600515492557292e+02
3.747894427383836273e+02
3.759152150781951036e+02
3.772066731132864561e+02
3.783436074367035076e+02
3.794596130405901135e+02
3.806120694977076369e+02
3.815824460955169002e+02
3.825359053118936004e+02
3.835847646076081219e+02
3.845200856006910044e+02
3.855211576538024474e+02
3.866373376638165382e+02
3.878285122521745052e+02
3.887985400376271627e+02
3.898137389764499972e+02
3.908195199913443503e+02
3.918797156769454659e+02
3.928525339585802953e+02
3.938970331046097613e+02
3.951724457883892683e+02
3.964909367531952284e+02
3.977567571072800661e+02
3.989672907608439232e+02
4.000962024085267785e+02
4.012254628680010455e+02
4.022207795231799992e+02
4.033662597405040060e+02
4.045748749280065226e+02
4.057873270474818810e+02
4.070336139300281957e+02
4.083088522076827189e+02
4.095663010738343814e+02
4.108436322233702072e+02
4.121389271904845373e+02
4.134640455831381018e+02
4.148066045759149461e+02
4.161421873285909783e+02
4.174003338189428973e+02
4.186612708049134426e+02
4.199120922430641940e+02
4.211794822509578466e+02
4.222241558028588884e+02
4.234067844969988528e+02
4.247134158536390487e+02
4.259675510059946646e+02
4.272658108749568555e+02
4.282689758000005895e+02
4.292393523979652628e+02
4.302116474618894131e+02
4.312387060083638062e+02
4.325134210679440798e+02
4.338369698062227826e+02
4.351549375525442542e+02
4.364971477333753569e+02
4.377922682947209410e+02
4.390179752697822551e+02
4.400966579909318739e+02
4.412009783931381435e+02
4.424280806160350608e+02
4.436780300243697752e+02
4.449773363292713384e+02
4.463069892777349423e+02
4.476205968748359965e+02
4.488635700431738655e+02
4.500625929009291895e+02
4.514042798636870657e+02
4.527327119699790501e+02
4.539812661303249115e+02
4.550615185051817093e+02
4.561742103953270657e+02
4.573073077869296981e+02
4.585666751190402692e+02
4.598126131893320689e+02
4.610156473849310714e+02
4.621827539454749285e+02
4.634013102748259030e+02
4.646102742742753549e+02
4.658978953776532990e+02
4.672055731702338903e+02
4.684931942734577888e+02
4.697532592296133771e+02
4.710633787060723421e+02
4.723018173186515014e+02
4.733218996250753321e+02
4.742772773076679869e+02
4.752357942981851693e+02
4.762659921526341122e+02
4.772096846332907489e+02
4.782234883239161150e+02
4.792625808840123796e+02
4.802573743211686406e+02
4.812612368701015839e+02
4.822657970430809087e+02
4.832865769737554160e+02
4.842654994652660321e+02
4.852327367553040176e+02
4.862646786696362824e+02
4.875311966477175361e+02
4.887326611894055191e+02
4.899479038047557538e+02
4.910588516349142765e+02
4.922496774111727404e+02
4.933546954373767335e+02
4.944806421830595582e+02
4.955118864733994428e+02
4.966383564372585511e+02
4.979190013006391382e+02
4.991724388291033847e+02
5.004386079946721111e+02
5.017143694902957236e+02
5.027081164916675675e+02
5.039322538128708970e+02
5.051750525753394072e+02
5.065012174037783552e+02
5.077764556814827301e+02
5.088028166039097187e+02
5.100791013171429427e+02
5.112111522725969053e+02
5.122507680509221473e+02
5.132581187199324404e+02
5.143388943129639301e+02
5.155534393043691352e+02
5.168030399007070628e+02
5.180439201973177887e+02
5.193284019926169321e+02
5.206017218042071590e+02
5.218562057683536750e+02
5.231944046109836108e+02
5.244590041230010229e+02
5.256840134741194106e+02
5.269763435392810607e+02
5.282901255417376660e+02
5.296105349719888409e+02
5.308599611621999657e+02
5.318437670216204651e+02
5.329009978052686165e+02
5.338916054986631252e+02
5.348602380367929072e+02
5.358663678635809902e+02
5.368395349574733473e+02
5.379321701581578736e+02
5.389471946908539621e+02
5.399500108039525230e+02
5.410138690152956542e+02
5.423297438897874372e+02
5.435870183498107053e+02
5.448685352433132039e+02
5.461636558042478100e+02
5.472812310621495726e+02
5.483916556741836530e+02
5.494781866650438360e+02
5.507124569923842046e+02
