7.216367348475526003e-04
5.384996424940108025e-04
4.084398123527387581e-04
3.112545873414311994e-04
2.359376962069798444e-04
1.761401461154700422e-04
1.295517022435546412e-04
9.286592790200676303e-05
6.433560771051174141e-05
4.330414115129281339e-05
2.832414253521519659e-05
1.808783314013459459e-05
1.201211025993243313e-05
8.478865823935638149e-06
6.775003568560601725e-06
5.778402884305282003e-06
4.917409010835378615e-06
4.627145896006383843e-06
4.274845709292194847e-06
4.101169290940382749e-06
3.894810408206936102e-06
3.736124931281309403e-06
3.587974436892877981e-06
3.566035289147514850e-06
3.533725449567223270e-06
3.528258217354978492e-06
3.521050799510937454e-06
3.510502218435888125e-06
3.484470241187127571e-06
3.472958321381553127e-06
3.463045056618366758e-06
3.388123697477647912e-06
3.384160778468577310e-06
3.381238219982303010e-06
3.366365308219965153e-06
3.354735316689270557e-06
3.334178879175488205e-06
3.327438023873556590e-06
3.321244328219686395e-06
3.319670840008507019e-06
3.311984704292444695e-06
3.300867976768224056e-06
3.304021771050535607e-06
3.298065802982725571e-06
3.299955894753900032e-06
3.291686202578087596e-06
3.293598487416278388e-06
3.284520807713640764e-06
3.219896378417969748e-06
3.211221478994877512e-06
3.203567206986638762e-06
3.192080852162574316e-06
3.185483407120962960e-06
3.178259640630189386e-06
3.165154851961347678e-06
3.169921395626024823e-06
2.993306553176104659e-06
2.943734604252248140e-06
2.878419379374409672e-06
2.859544679738084897e-06
2.849067290649334290e-06
2.849536510128873605e-06
2.848158371852418358e-06
2.838733048246035597e-06
2.830481771635898858e-06
2.827150753145525964e-06
2.824249046037597498e-06
2.828219332287008765e-06
2.805464910394750440e-06
2.813894206201435251e-06
2.825260508086019344e-06
2.807157422425265508e-06
2.801679194790207114e-06
2.803369513110907922e-06
2.795492200927967197e-06
2.782807642304727982e-06
2.779908541425763881e-06
2.776871118718958696e-06
2.764631330823304703e-06
2.760802743068605642e-06
2.750554343277167869e-06
2.733185831388948526e-06
2.715289614205904273e-06
2.706047934519169825e-06
2.672159731143149571e-06
2.657451329743253114e-06
2.633127968139594903e-06
2.613926878750003588e-06
2.580172832286452571e-06
2.541595895764339642e-06
2.536814142046149167e-06
2.524828445455053742e-06
2.516146960834992823e-06
2.502620436341856137e-06
2.499756708031766126e-06
2.485993027078800544e-06
2.466825750601443218e-06
2.472007847368632964e-06
2.461154531576489099e-06
2.440919002114934220e-06
2.422363603911604480e-06
2.401118027515353943e-06
2.396285518225008393e-06
2.386900689982008313e-06
2.384259766768804096e-06
2.383480782852664112e-06
2.365563200874263973e-06
2.361268786586124999e-06
2.355958522347953584e-06
2.355266851331101637e-06
2.326177842360518129e-06
2.322438470785911888e-06
2.297867289904122420e-06
2.282344734118345757e-06
2.275119702269692893e-06
2.260382801229925576e-06
2.265516383578339679e-06
2.264549569559122012e-06
2.264451807818174397e-06
2.272130869050207752e-06
2.266339801660009842e-06
2.245235867601215406e-06
2.250029629452589042e-06
2.237611676181632638e-06
2.235019160096014819e-06
2.219619721352855039e-06
2.217675835043113205e-06
2.215899422187218055e-06
2.204237365412045021e-06
2.211415445368026636e-06
2.207751563964902252e-06
2.198943358496188698e-06
2.206455676231459493e-06
2.204945730015453193e-06
2.185295117053378358e-06
2.169087925437671923e-06
2.160689844447600503e-06
2.162954322517099622e-06
2.168339953937736241e-06
2.160707650861198225e-06
2.145869308597522573e-06
2.130797650149338414e-06
2.133601810058355271e-06
2.125943301972124573e-06
2.129685934099565045e-06
2.138550521087930629e-06
2.121304450228110809e-06
2.117810116865312057e-06
2.109965232604331964e-06
2.062262579626327108e-06
2.060092079228862099e-06
2.075321806409203699e-06
2.056527454006968098e-06
2.059471435758066717e-06
2.048687415814895409e-06
2.035157939923271850e-06
2.024292593488356382e-06
2.023125657780379455e-06
1.996666366878983928e-06
1.998470292144094097e-06
1.992146930186647669e-06
1.977088483616424343e-06
1.968232111500138833e-06
1.964130133809633377e-06
1.950581727802776645e-06
1.958752645207087538e-06
1.954529239865014145e-06
1.969936167313910399e-06
1.946221716928824246e-06
1.952144912743852674e-06
1.950173623737232608e-06
1.946114369807702475e-06
1.907061553753377679e-06
1.898190580656063247e-06
1.890897246955311009e-06
1.875870590920693418e-06
1.877157594192380998e-06
1.880580226617495378e-06
1.879424186172934715e-06
1.884576098691700060e-06
1.876890936424855978e-06
1.872456054434122920e-06
1.867008904136679548e-06
1.878872016033422910e-06
1.868136395654553336e-06
1.871060715675162842e-06
1.858102741223085329e-06
1.853246620606367616e-06
1.851239241756876559e-06
1.858012674573377418e-06
1.855316593715498043e-06
1.847130268603835352e-06
1.844095694551414954e-06
1.859408637325703681e-06
1.845898174168064597e-06
1.848728690238392418e-06
1.830086990838102981e-06
1.834250371640158517e-06
1.828147904600822958e-06
1.826064297079009067e-06
1.829422384607000431e-06
1.749629843135653482e-06
1.734817577839596439e-06
1.750389784317946737e-06
1.723622209318439804e-06
1.712209719118846654e-06
1.688106483364167516e-06
1.688930061197487776e-06
1.688564763206697844e-06
1.663029459750137916e-06
1.657696110763405065e-06
1.656436190866950846e-06
1.637835738395425954e-06
1.636446906644148882e-06
1.607502816475857510e-06
1.600019954820102695e-06
1.591525311524888261e-06
1.588737323989909089e-06
1.593734553973108048e-06
1.580352178954926627e-06
1.570446508380329198e-06
1.552226838415746523e-06
1.546622877416537368e-06
1.518364458309385319e-06
1.510793864384197818e-06
1.492507993050568490e-06
1.493625752945627169e-06
1.468056211399618549e-06
1.464223687044634135e-06
1.467453683731537617e-06
1.456233918371341926e-06
1.458505337004474532e-06
1.443426778062146345e-06
1.438449303366774881e-06
1.443336647112491341e-06
1.445024417628712627e-06
1.457568838530829898e-06
1.435778250634060873e-06
1.441586733927992715e-06
1.419463510902831355e-06
1.416863793634002246e-06
1.417966577932970801e-06
1.419369486251313377e-06
1.421124364681846816e-06
1.402096035006143535e-06
1.406756869745066859e-06
1.391499366059628965e-06
1.385699747614917712e-06
1.410849043356843367e-06
1.434411430011646852e-06
1.432484064897583078e-06
1.412432317043175853e-06
1.431224316837938632e-06
1.432371567977348464e-06
1.453392884555305641e-06
1.438638277680114008e-06
1.450899847803130094e-06
1.439989496543132763e-06
1.428810933423055837e-06
1.429584237954305155e-06
1.427248533327973961e-06
1.429079955996702006e-06
1.418355870719730516e-06
1.425144759099980771e-06
1.413501031940749446e-06
1.411737088836849744e-06
1.400541193573681022e-06
1.399059711136249636e-06
1.415749103801349479e-06
1.430459250971209769e-06
1.410132691207273577e-06
1.448824446167946047e-06
1.435169257338276806e-06
1.452086792494380929e-06
1.447068493224538097e-06
1.448369857791799202e-06
1.462286491997676463e-06
1.439906880914365230e-06
1.438644471503212681e-06
1.427624532303394652e-06
1.433505900109855865e-06
1.446700514192547122e-06
1.432655576193328982e-06
1.439702133450985503e-06
1.431158926511021363e-06
1.429345609240800857e-06
1.421883839771715440e-06
1.400376874448882503e-06
1.409947336855457345e-06
1.377762186525453513e-06
1.369562818115429833e-06
1.361671311651331736e-06
1.331180262791817871e-06
1.315255578016281601e-06
1.320708341129315027e-06
1.318132177219398124e-06
1.309673011966940378e-06
1.316475742006225592e-06
1.303231168392949654e-06
1.311694666399604310e-06
1.273874376312744261e-06
1.282535932403063707e-06
1.287713041543176131e-06
1.296099218091678917e-06
1.280396304158572817e-06
1.290310594318586511e-06
1.285619252206582211e-06
1.325615905486244613e-06
1.313745702589257311e-06
1.305662783399783501e-06
1.287996467711557215e-06
1.294150119018622270e-06
1.282523438056360623e-06
1.286830723110072426e-06
1.315307297346415967e-06
1.358653289083485975e-06
1.352166383891981464e-06
1.368446037430176190e-06
1.354787121621502705e-06
1.337957101039358091e-06
1.322817991414718555e-06
1.335346351616886314e-06
1.310693315867167980e-06
1.295943165680771539e-06
1.299226870644681060e-06
1.301528053840838767e-06
1.291034308532331141e-06
1.294689600431569891e-06
1.299200328010499303e-06
1.300605414724153280e-06
1.282334361066014796e-06
1.304163099782651050e-06
1.267042774145998251e-06
1.273051419603030489e-06
1.263288699964198592e-06
1.255001918813659026e-06
1.255272597097512644e-06
1.240189823310521256e-06
1.223587364640977287e-06
1.218937701938299007e-06
1.247492425581012368e-06
1.208212574202857625e-06
1.223475084427913477e-06
1.220921999328960811e-06
1.205824648596280708e-06
1.221127284247611154e-06
1.213313367780569225e-06
1.231230055831448000e-06
1.202519299746199759e-06
1.204306449055490027e-06
1.206459134125926483e-06
1.258717940587576144e-06
1.231072583015000237e-06
1.251070074412273642e-06
1.228063855666153092e-06
1.268414951469778158e-06
1.257885809300137800e-06
1.266026006874053648e-06
1.259631460401128294e-06
1.274841839869642480e-06
1.288118615340668474e-06
1.290955604470403455e-06
1.279012645101814183e-06
1.259220404942949111e-06
1.259609142716989142e-06
1.265255603867495119e-06
1.241840174512663254e-06
1.240080520255050148e-06
1.234514751623610892e-06
1.251599571773924094e-06
1.252964041540857230e-06
1.238462833950209018e-06
1.223242973205233885e-06
1.241064196853439479e-06
1.236651381733797221e-06
1.227366326161494374e-06
1.221751913712033732e-06
1.216886756218170883e-06
1.210976657183566709e-06
1.219134445946225392e-06
1.217431028833779515e-06
1.188425869586232619e-06
1.199890214549364832e-06
1.227149327926751633e-06
1.188065410211126135e-06
1.195580804769403934e-06
1.202381257744723230e-06
1.187606280896802258e-06
1.203265457490614333e-06
1.204399237497409242e-06
1.195262180129551615e-06
1.175916137880495857e-06
1.198818975376162221e-06
1.185395562660131218e-06
1.180184660723204976e-06
1.192045628363253580e-06
1.206874065558669986e-06
1.203075569605905078e-06
1.191514435553187160e-06
1.228949466912231480e-06
1.231802394717993626e-06
1.236745751867555496e-06
1.227037177586358278e-06
1.238061326268894159e-06
1.211943610897525856e-06
1.228925146279289793e-06
1.227605603226025028e-06
1.234061205214338039e-06
1.215487380349755163e-06
1.219855433873696031e-06
1.226188076298950702e-06
1.254152831587221356e-06
1.291804981503493142e-06
1.285868515815469825e-06
1.296809552964519533e-06
1.258008762958944087e-06
1.293363705139164895e-06
1.284247118947628224e-06
1.288180344703173787e-06
1.300026089855454283e-06
1.316048456835182738e-06
1.305884044188874579e-06
1.292415120582371687e-06
1.290985299378931771e-06
1.314941019246158083e-06
1.313810044483568606e-06
1.336683788257493680e-06
1.280582508543718219e-06
1.340627268663526380e-06
1.312318758637125672e-06
1.350152726789056128e-06
1.366204297347568496e-06
1.348157141873502014e-06
1.365651896819033531e-06
1.369274686102291970e-06
1.384080962881400871e-06
1.391624417031759181e-06
1.399211249612832703e-06
1.412935487825259051e-06
1.395629760225688951e-06
1.386707823862802688e-06
1.421603602487937367e-06
1.397354254796596187e-06
1.399846363715224317e-06
1.407927629996577736e-06
1.407092572270624057e-06
1.415205203763506970e-06
1.389759143131845482e-06
1.400246449574848430e-06
1.415950325874802060e-06
1.396673463098417910e-06
1.408904814099440890e-06
1.437264388897184897e-06
1.466735452464605337e-06
1.481857481963124296e-06
1.455448479909908059e-06
1.440659964291680308e-06
1.461313934232517562e-06
1.503393113078735717e-06
1.495469549997212407e-06
1.504245459560460080e-06
1.555508850225648619e-06
1.557054627343503345e-06
1.531835164310613511e-06
1.507530381116483289e-06
1.536080069586967588e-06
1.576206358083452678e-06
1.589775966394954380e-06
1.619117039653916173e-06
1.613870611077465111e-06
1.618480671235842265e-06
1.620440267581374231e-06
1.610040330577200877e-06
1.609159448296390858e-06
1.583008010073705597e-06
1.584230468508941436e-06
1.594549808899947505e-06
1.619035261788016548e-06
1.580330051694162760e-06
1.607938626664188209e-06
1.596294192398677413e-06
1.646142143311615891e-06
1.695238431742536244e-06
1.685251605180983497e-06
1.694430785148906276e-06
1.711540828563751167e-06
1.692326845917805678e-06
1.698457336989458944e-06
1.693200063793654477e-06
1.907652161869562293e-06
1.951385843530566682e-06
1.919830874176941160e-06
1.964559501953774928e-06
1.965058366752774694e-06
1.956309796594313653e-06
1.968217406513467870e-06
1.998329026073948982e-06
2.011782759529962451e-06
2.069336619206713511e-06
2.091245633802472479e-06
2.244549745489033406e-06
