7.199680424356236751e-04
5.246035127808847077e-04
3.933045841732246868e-04
2.965278792304778545e-04
2.226498959451991637e-04
1.644733508799767620e-04
1.193057609256130300e-04
8.488748758164938769e-05
5.835353588256969143e-05
3.895486525230165139e-05
2.486175464479604573e-05
1.609908331812788884e-05
1.083588508223931113e-05
7.944901048255946610e-06
6.438196218905536750e-06
5.624376411488421193e-06
5.162890117695801764e-06
4.879477357051379705e-06
4.720205995486860956e-06
4.643425079911723718e-06
4.506077633289309619e-06
4.486469299941790381e-06
4.305656350590063027e-06
4.156610955453724393e-06
4.099206582026936514e-06
4.031860260885953836e-06
3.895572553864267829e-06
3.848563372002029063e-06
3.836910783871163539e-06
3.800045123782455931e-06
3.779609642181284346e-06
3.691560951176943765e-06
3.653350719021457563e-06
3.555613594411132290e-06
3.555313526691155820e-06
3.529345016802066570e-06
3.514062887535213543e-06
3.482850682529135733e-06
3.476078419405342764e-06
3.470788460473355830e-06
3.466456663949964600e-06
3.462840810282981562e-06
3.458906417204246240e-06
3.461757785017207589e-06
3.457980844841529923e-06
3.407851522954601183e-06
3.368014900900686590e-06
3.361092403970216913e-06
3.319774703639532104e-06
3.313863564230621357e-06
3.309629133798366830e-06
3.293635777458144217e-06
3.290444863324247687e-06
3.270990407098973825e-06
3.216047928482786337e-06
3.198792316151461616e-06
3.133973150352049117e-06
3.129159170429653601e-06
3.121086900399712289e-06
3.107842424299882982e-06
3.101659484918108623e-06
3.094023954438220341e-06
3.095749143345800703e-06
3.092863179721675049e-06
3.085625665024976858e-06
3.081582180413842944e-06
3.074004010601138924e-06
3.076915786497260869e-06
3.076906346831858003e-06
3.073535863844840039e-06
3.014011224685014094e-06
2.891117575073432312e-06
2.890474096822575033e-06
2.877058707461243510e-06
2.874380956295726639e-06
2.860412169309016845e-06
2.860646992730587070e-06
2.848685215283717266e-06
2.843111934752282810e-06
2.845487795872776389e-06
2.825834009907811085e-06
2.793351157806719232e-06
2.791304853602640638e-06
2.780411963034220529e-06
2.764803674009945617e-06
2.770056817275144159e-06
2.759037205745782798e-06
2.760808806891663398e-06
2.746784424755732897e-06
2.726625592361171833e-06
2.734143783517575150e-06
2.717050756610503110e-06
2.713889813678696763e-06
2.717384851604151562e-06
2.708364355659941325e-06
2.703906923934843879e-06
2.697557705394513228e-06
2.696621782764570235e-06
2.694834790621493282e-06
2.698159305720666995e-06
2.692156988218735744e-06
2.689777234245508543e-06
2.692865901900314660e-06
2.685810115409273754e-06
2.691646147338531108e-06
2.674875198310115311e-06
2.670397119180405009e-06
2.666186424839092727e-06
2.666130327813420331e-06
2.655933856652185986e-06
2.661097585601959052e-06
2.653314847757584402e-06
2.648313469443003061e-06
2.645122779654377454e-06
2.604870548545804877e-06
2.600635545596829803e-06
2.594955023116648443e-06
2.582548005729199034e-06
2.566385718771831005e-06
2.567486433922312790e-06
2.553882141126299951e-06
2.502543048043833167e-06
2.507019826325055686e-06
2.494171025926593917e-06
2.498202231710786225e-06
2.494374676297573934e-06
2.462745965170550429e-06
2.449891263800584418e-06
2.448288406266493085e-06
2.434375447973535114e-06
2.424755907488202994e-06
2.400478345581215206e-06
2.388189207931013069e-06
2.382078416747408827e-06
2.380675143026614692e-06
2.367302766347780562e-06
2.356512506980302631e-06
2.361133081866926548e-06
2.346448923504828892e-06
2.337151365842906112e-06
2.324096353950736585e-06
2.319386377488993184e-06
2.310455919283034389e-06
2.298739152637211713e-06
2.269687072501408098e-06
2.256431826980284937e-06
2.247504543673457835e-06
2.237792158229925951e-06
2.242892591426987261e-06
2.180273509041549558e-06
2.174162715110654938e-06
2.162480573444253309e-06
2.158333189641513272e-06
2.157142499995444307e-06
2.161530385411122661e-06
2.157054359245959514e-06
2.154313928819913897e-06
2.158829379275063719e-06
2.159475469563882631e-06
2.154620228782767485e-06
2.155227823888100440e-06
2.152627188280324591e-06
2.151211940516657435e-06
2.153412641682776327e-06
2.150197888410278340e-06
2.155207345892603734e-06
2.141892824798310339e-06
2.145797311174845756e-06
2.134897804463425874e-06
2.134686509201111616e-06
2.077245180693616839e-06
2.047195550558753561e-06
2.061215208073637191e-06
2.050713038032958244e-06
2.012573446921020463e-06
1.981732768985242341e-06
1.973536675505164081e-06
1.954889301782139804e-06
1.948460671411660782e-06
1.954406263928070957e-06
1.944158506961683085e-06
1.933072671356950522e-06
1.924360115153174898e-06
1.910108963093600257e-06
1.911166695643628158e-06
1.897106818289835375e-06
1.895074283729825465e-06
1.893570683547899262e-06
1.895046029765258971e-06
1.870608215948314771e-06
1.839186252296457300e-06
1.853205233175447339e-06
1.849022222598269465e-06
1.821760564736551221e-06
1.807893618868736704e-06
1.799107554262227361e-06
1.800799810933369670e-06
1.796592557387918942e-06
1.773962993145179530e-06
1.777671216758960711e-06
1.772526253641109514e-06
1.764737750913422069e-06
1.761709831613775942e-06
1.742785300799763110e-06
1.720119779442058150e-06
1.733548398626519798e-06
1.739999031444510022e-06
1.713461982315641886e-06
1.714261273491977552e-06
1.712350384304675336e-06
1.700050700418991972e-06
1.684978967660291619e-06
1.680275170817138783e-06
1.666546505395850133e-06
1.679323770984854733e-06
1.677738959280752905e-06
1.693785259165655063e-06
1.689184061065444680e-06
1.676878685689846779e-06
1.671341544924128958e-06
1.669946908378721138e-06
1.668110877989590000e-06
1.658675303794056101e-06
1.650227331997184182e-06
1.654914221683759564e-06
1.680992778328666927e-06
1.677746764966492399e-06
1.662277525418808719e-06
1.664998112549365956e-06
1.620684095406872709e-06
1.611445804121168347e-06
1.602782404964684813e-06
1.598350709035412376e-06
1.600236979013604766e-06
1.594740969755734462e-06
1.595798642697775769e-06
1.592873059087502343e-06
1.582000055294072415e-06
1.586829489450878313e-06
1.573329698444804301e-06
1.544212715374792422e-06
1.547036593589619255e-06
1.520003506468272283e-06
1.505825397514628377e-06
1.494995793535160676e-06
1.505149126659991033e-06
1.499355534937933188e-06
1.501170811562218561e-06
1.501668693311417800e-06
1.499623657474104837e-06
1.492214813554083567e-06
1.473621237977142525e-06
1.470450564963572369e-06
1.477157430266547896e-06
1.479890695854552726e-06
1.486132884788658520e-06
1.477190256195855018e-06
1.470963108866674142e-06
1.475228236637182244e-06
1.467292756242244961e-06
1.472124425335737642e-06
1.479156814645664630e-06
1.461689697031411284e-06
1.481508507652826047e-06
1.462766581065714299e-06
1.458841710797035572e-06
1.435125631004103392e-06
1.439119084274009968e-06
1.429179177856609259e-06
1.442487169003525241e-06
1.421061474947936641e-06
1.410932515240032845e-06
1.418773093121063443e-06
1.420665997785050477e-06
1.437753376377584932e-06
1.429865018782290631e-06
1.399796352088845527e-06
1.397859258115543136e-06
1.407410082241862854e-06
1.418226886289617871e-06
1.406492664759128575e-06
1.415883797939328046e-06
1.411213648550039578e-06
1.389009544796204044e-06
1.391114019214111547e-06
1.366437650094866999e-06
1.366853214976622529e-06
1.353228632239382644e-06
1.361613476991563434e-06
1.357405658628725772e-06
1.335066728703688230e-06
1.350231596473081725e-06
1.325013432983019468e-06
1.338768884000842578e-06
1.313105987535794064e-06
1.322124037021546893e-06
1.309794277258005423e-06
1.321457469768796491e-06
1.318219559539367548e-06
1.312501401358593972e-06
1.308025756778810641e-06
1.315581816980869925e-06
1.318848142757375692e-06
1.309134490395949210e-06
1.294340171422538541e-06
1.283219337151895880e-06
1.286801029319049712e-06
1.274652555775470944e-06
1.270085348897955217e-06
1.276677176655238636e-06
1.275523734686196447e-06
1.259512712765400277e-06
1.279752203033796567e-06
1.273098343826252644e-06
1.248100830014683322e-06
1.258605618830440794e-06
1.241046788486214442e-06
1.247205217867882527e-06
1.239458633353899180e-06
1.239469698841809014e-06
1.250235821574451748e-06
1.237706594274145194e-06
1.228836003331124493e-06
1.241311146592707987e-06
1.239031387717928556e-06
1.249132725652803688e-06
1.237657769956266567e-06
1.237782556735391111e-06
1.243297879606146787e-06
1.238539618174682985e-06
1.240904017524269257e-06
1.274334751561262221e-06
1.310132319393958823e-06
1.325692526558657257e-06
1.314543877072167312e-06
1.321999107494045779e-06
1.313880746216812763e-06
1.309939123701145165e-06
1.293817892872722508e-06
1.297040148365290139e-06
1.270377952675900746e-06
1.263161429359560813e-06
1.276920746355725338e-06
1.243580600762892058e-06
1.241694722689794012e-06
1.261551106126896764e-06
1.262105606460869316e-06
1.251024986808853542e-06
1.228328299741088831e-06
1.216252349776523119e-06
1.230443462104318259e-06
1.241151836917871222e-06
1.217837569982530082e-06
1.204910446467282121e-06
1.225604400423001096e-06
1.186031965265995207e-06
1.191426266791798487e-06
1.183496549535553791e-06
1.197769364826460033e-06
1.187348683816572307e-06
1.207617063992441026e-06
1.239066540412003482e-06
1.239622858633329787e-06
1.233175504005141045e-06
1.233417110656968430e-06
1.258390112092238305e-06
1.260268186640670131e-06
1.255939954691208108e-06
1.258015784118118259e-06
1.250122653543421202e-06
1.252501024221037040e-06
1.257201963171088408e-06
1.262972533519976178e-06
1.253373016759991724e-06
1.248650759630040895e-06
1.231772997630477742e-06
1.230909720771293847e-06
1.221119773881474249e-06
1.202990105694148117e-06
1.203822159263931482e-06
1.201451609703768298e-06
1.215408494337999331e-06
1.202415827399412291e-06
1.174472292473041230e-06
1.181230985552533220e-06
1.192899942316324080e-06
1.201439459457302222e-06
1.188744772024690734e-06
1.220354476372468368e-06
1.201503694015605429e-06
1.211877441692415558e-06
1.204409693737341090e-06
1.253537959095499677e-06
1.232438617951836813e-06
1.240560117724265990e-06
1.303776378936924089e-06
1.286833433360831961e-06
1.293755204084497604e-06
1.304519453269131496e-06
1.305133583485810627e-06
1.300517808468013540e-06
1.299729135775855013e-06
1.264765706112716425e-06
1.291827995085389471e-06
1.277276473667243564e-06
1.335467454573567152e-06
1.316854207889294019e-06
1.325661377622624107e-06
1.357751737599283532e-06
1.354282578386786805e-06
1.353850464112776460e-06
1.353041706952003933e-06
1.389866244091521034e-06
1.404867729680157107e-06
1.376090441239474208e-06
1.379953211321698792e-06
1.425980698017275719e-06
1.418085448916863157e-06
1.486775953842733633e-06
1.473867246477946563e-06
1.493467244165701615e-06
1.490911832661530961e-06
1.460622352541313366e-06
1.487171782941589195e-06
1.502541433332003951e-06
1.532225612641137946e-06
1.543424610409028220e-06
1.527734249494172617e-06
1.534725257531382234e-06
1.550646909436189399e-06
1.572972490053294640e-06
1.560883459261936031e-06
1.550620352878961382e-06
1.517673891895645799e-06
1.531358183326732050e-06
1.522968469605222765e-06
1.525812345848930154e-06
1.524039560064048051e-06
1.493759977255032488e-06
1.528542855047554740e-06
1.507607893333580333e-06
1.529110831889795732e-06
1.533633027875153883e-06
1.566178752039323649e-06
1.543249073393358002e-06
1.553403445766033439e-06
1.573333932698062818e-06
1.553388880645348184e-06
1.548530105921647782e-06
1.547373240022050298e-06
1.543655613207372685e-06
1.559763223468879724e-06
1.570043118556326929e-06
1.566970141393348327e-06
1.560325065342076679e-06
1.610401856221949344e-06
1.616450661300888087e-06
1.594269429199826813e-06
1.607873581104355178e-06
1.601429930952147590e-06
1.591788516258584341e-06
1.595480073549952702e-06
1.609441289039933323e-06
1.583249921157384092e-06
1.594808426132814163e-06
1.672707663840304800e-06
1.660480180661353288e-06
1.632305720824361709e-06
1.641569346589977994e-06
1.630169738987263058e-06
1.650858701018230637e-06
1.649183714705005666e-06
1.686743021997473809e-06
1.750829252159412714e-06
1.763069016953703566e-06
1.801758445771953620e-06
1.761368132295532339e-06
1.756952671862298196e-06
1.781277198228282447e-06
1.789494082601839252e-06
1.828623481496281157e-06
1.823757091969640863e-06
1.870416675783012448e-06
1.868857380776799297e-06
1.856874302604212866e-06
1.832471244292653599e-06
1.816437768651731589e-06
1.831314381251285786e-06
1.851200386648693278e-06
1.824864117840777241e-06
1.848753485410524812e-06
1.886519167576599498e-06
1.904546861255712245e-06
1.928534865097983491e-06
1.944839767047196615e-06
1.919464781130579065e-06
1.965438858696128935e-06
1.959055565320489818e-06
1.984448269921683740e-06
1.991507886942702703e-06
2.215636098557906178e-06
