6.794928436074932104e-06
2.916154256359450187e-07
2.046863745552264084e-07
1.999420548705810078e-07
1.994996033785093206e-07
1.992460386795402437e-07
1.990572714602624411e-07
1.989693261253366873e-07
1.987132726074041713e-07
1.976830642977189300e-07
1.972251568853422400e-07
1.967948420232124273e-07
1.963081906207085902e-07
1.958661822329919633e-07
1.951943885606715941e-07
1.949659821545072414e-07
1.948227422642384534e-07
1.943995593709164774e-07
1.934539812378535652e-07
1.932211781024144532e-07
1.932183360033149475e-07
1.930927636179363773e-07
1.929851738990676597e-07
1.926098780060916588e-07
1.924120469801464223e-07
1.919424401604314751e-07
1.911723605538608898e-07
1.908169381329732613e-07
1.905381877985115370e-07
1.903157063231715382e-07
1.900170457445928665e-07
1.892667870105169645e-07
1.890865190748499523e-07
1.888606036235361858e-07
1.885916228441140229e-07
1.877212633037868495e-07
1.871433544318466032e-07
1.869129151867478258e-07
1.866178079441036628e-07
1.864214449057546923e-07
1.862480681690576612e-07
1.861395692157014095e-07
1.856198004591088837e-07
1.854129096978123257e-07
1.851146940387848465e-07
1.846336431287267067e-07
1.845922530488712408e-07
1.837625508427928174e-07
1.834055611766637464e-07
1.828616179375427060e-07
1.826861474300155219e-07
1.821863254676016818e-07
1.816933568545145300e-07
1.812703654356999128e-07
1.809441023584693013e-07
1.807977156318090492e-07
1.799659026318223896e-07
1.796054877977228901e-07
1.790717903144493974e-07
1.787435389364254369e-07
1.783075240884018688e-07
1.782351767667855859e-07
1.779824067850484813e-07
1.775381671600816120e-07
1.770398822792475435e-07
1.764253841193538342e-07
1.762840789147205781e-07
1.760793265547864263e-07
1.759872479179283035e-07
1.756860898473842882e-07
1.751090526007445520e-07
1.748330848567114384e-07
1.746409644415858672e-07
1.742952249898921000e-07
1.740438806482763036e-07
1.738567922300917682e-07
1.736317361512900084e-07
1.734040297971997042e-07
1.729147287786283692e-07
1.727765521249055186e-07
1.721389305814324139e-07
1.718064746367875598e-07
1.713728358414100174e-07
1.708158892316120076e-07
1.704846601487434772e-07
1.697764637848018168e-07
1.693863663720928483e-07
1.692351145453678901e-07
1.690056993924491495e-07
1.689238392260774440e-07
1.685916413995356737e-07
1.680407741226195233e-07
1.677809755573532916e-07
1.673994467543906565e-07
1.672195560048518199e-07
1.666652763958035532e-07
1.664331056668560982e-07
1.660287344474650582e-07
1.655540465869074445e-07
1.655045730245477410e-07
1.650427454531921463e-07
1.647175723372123285e-07
1.642595240260652522e-07
1.638999229076071719e-07
1.633845082682361890e-07
1.630584176344510840e-07
1.628560932743768737e-07
1.625705142350012619e-07
1.620301404727252570e-07
1.614161623658830810e-07
1.608702999685573034e-07
1.605462376869165092e-07
1.602064868257429476e-07
1.596886415516987532e-07
1.594556490972074259e-07
1.589980382769866932e-07
1.587046195827561647e-07
1.585052746765630835e-07
1.580130185228756479e-07
1.577789834082327608e-07
1.577150532933727598e-07
1.572817630695477634e-07
1.571370085751213575e-07
1.569650292031759689e-07
1.566014610620738486e-07
1.558578892663550286e-07
1.555247247629095948e-07
1.552025893857331742e-07
1.548642096509083380e-07
1.546573102116891169e-07
1.541876198156461397e-07
1.537655946704895608e-07
1.532124371486819227e-07
1.532542563395770232e-07
1.529886211290466037e-07
1.528279774620854502e-07
1.524987112965486751e-07
1.518872469870593067e-07
1.514178593724388296e-07
1.506944550829375441e-07
1.503699629985897040e-07
1.488345245689429411e-07
1.482699886926064528e-07
1.478707752333306759e-07
1.473777388659196516e-07
1.467591888311790228e-07
1.464035392291858211e-07
1.462166980941553962e-07
1.456647543679353714e-07
1.450857550299320707e-07
1.444423691986728805e-07
1.438365940486660422e-07
1.438361096429042439e-07
1.436442178191117820e-07
1.434954852843718977e-07
1.431387876645929729e-07
1.426073669956605267e-07
1.419630143723151682e-07
1.418532148010498597e-07
1.416632101749926759e-07
1.412394016589632413e-07
1.411619996214545474e-07
1.410616992817532439e-07
1.405731827108723970e-07
1.400981932819413489e-07
1.395086357812917372e-07
1.392877564170856518e-07
1.388936496046218025e-07
1.386208378797519758e-07
1.381297562693811686e-07
1.380340900553930027e-07
1.376373604935201857e-07
1.375098723899445385e-07
1.374181129564683626e-07
1.372566479924180920e-07
1.366286082891977537e-07
1.365252634606017873e-07
1.358674823110127202e-07
1.355960203907069023e-07
1.352449416942848113e-07
1.352114404981766180e-07
1.345127963066385358e-07
1.341959820541731902e-07
1.338281266806110962e-07
1.332906298002871078e-07
1.330200074905878063e-07
1.328451514993995758e-07
1.325695009112080160e-07
1.325947782350593646e-07
1.323673113408257026e-07
1.317475859691792272e-07
1.313304100578069583e-07
1.308993542084530879e-07
1.305672612540190408e-07
1.302749573320806398e-07
1.300346072657698914e-07
1.299056723969403120e-07
1.298210704322745800e-07
1.292101517085502292e-07
1.285771347516505360e-07
1.281346581551433544e-07
1.277803899382538213e-07
1.275965618200417362e-07
1.273139450843715060e-07
1.269343457490552411e-07
1.268796371819895438e-07
1.263609224443945758e-07
1.259309626651593950e-07
1.257007003807041384e-07
1.253426647263427281e-07
1.249225735926745905e-07
1.245056195349985406e-07
1.241694388791969115e-07
1.243830460602176278e-07
1.240530833182974213e-07
1.232956582925387611e-07
1.228406047785658720e-07
1.225535382043189765e-07
1.220650959639888234e-07
1.216832343838241328e-07
1.213126265569419925e-07
1.207839765093313639e-07
1.202217572794861920e-07
1.194818176710478056e-07
1.194257324621992846e-07
1.185861742460925682e-07
1.175359603036259628e-07
1.171934668977665470e-07
1.169833547414015692e-07
1.169331171018471951e-07
1.165526383406011019e-07
1.161900951263429156e-07
1.158453648636127565e-07
1.153765186077991454e-07
1.148986962447547339e-07
1.147588841959441895e-07
1.144288074519293466e-07
1.140449523258497874e-07
1.138743257069014233e-07
1.137514236892295542e-07
1.136787753924299801e-07
1.134052569487175760e-07
1.135345368438727350e-07
1.134445652103409436e-07
1.127994387597668522e-07
1.125274531220808217e-07
1.120078970668968785e-07
1.119140991654944029e-07
1.120004011625552005e-07
1.117015030670859097e-07
1.112230170628781259e-07
1.110817644942175520e-07
1.107381302524125001e-07
1.104615447262326953e-07
1.100953467721031739e-07
1.098236010818767059e-07
1.094897583026966522e-07
1.090710483022447944e-07
1.088414334436700451e-07
1.089133613881902001e-07
1.085751681246188407e-07
1.085067411961897384e-07
1.081426810298019396e-07
1.078632710847549189e-07
1.079031662909937255e-07
1.078525214125939466e-07
1.074562585683985632e-07
1.072828141881173575e-07
1.068063902918987856e-07
1.064577296708205762e-07
1.068250119532829260e-07
1.061988558727827756e-07
1.060447237478378671e-07
1.052602307506655768e-07
1.053729072014034643e-07
1.044254630379735151e-07
1.044335893840068587e-07
1.036026673227385593e-07
1.031877857304385294e-07
1.026316374294837898e-07
1.029398636839768549e-07
1.019771457761527906e-07
1.021855553887139939e-07
1.016475292768951996e-07
1.015404011185338503e-07
1.012218501837101072e-07
1.001662538698779979e-07
1.002922850813174233e-07
9.964471065404835872e-08
9.938391561680936022e-08
9.937117247986379077e-08
9.916810649589085213e-08
9.873242429117528140e-08
9.828215027828179016e-08
9.790369988511054022e-08
9.661225693162032488e-08
9.610108306254624100e-08
9.627656125961986474e-08
9.585558105810988501e-08
9.529893688056288347e-08
9.476453776746058425e-08
9.459223969623356500e-08
9.433841330931165338e-08
9.380649277863089196e-08
9.377003253175963007e-08
9.253182831185111014e-08
9.244054133440777674e-08
9.183782960535739421e-08
9.149131068648828917e-08
9.132958870214375186e-08
9.081947888171526813e-08
9.078704099711493375e-08
9.038555371806856059e-08
9.028913121125906386e-08
9.090684628362071577e-08
9.019326832022556872e-08
9.005859141222490036e-08
8.976232325111361141e-08
9.026617449409013877e-08
8.934737817395983557e-08
8.885723981369307493e-08
8.865932611617807756e-08
8.871854115245123098e-08
8.926873385329669081e-08
8.921007957522416222e-08
8.874623728166515519e-08
8.809265339035662133e-08
8.821183079777103448e-08
8.790912453106252282e-08
8.869248782361689754e-08
8.818410053684594444e-08
8.923867752302546967e-08
8.760458728245465723e-08
8.757650508214562085e-08
8.755139452297357431e-08
8.670676274010085475e-08
8.604494813030162982e-08
8.677182035435778187e-08
8.654152014624132442e-08
8.689458941470153697e-08
8.576472414988268389e-08
8.578410404554839186e-08
8.525205644963451550e-08
8.523387673553657860e-08
8.529348670919214991e-08
8.405715582152889373e-08
8.434611303044099363e-08
8.359893111792278295e-08
8.383061414097364630e-08
8.498090430488984777e-08
8.408138559502917471e-08
8.326430034269139867e-08
8.438737519039233062e-08
8.309090155600256210e-08
8.248371493225476589e-08
8.162787963212532870e-08
8.209980059589768702e-08
8.253090824985994610e-08
8.259769434953840066e-08
8.255097426772660798e-08
8.291398581300937649e-08
8.315761633156316509e-08
8.135180021195419450e-08
8.259414330499816206e-08
8.219915425616674141e-08
8.279401871388536918e-08
8.111326578008793805e-08
8.002841685154602542e-08
8.109551529313062869e-08
8.097060181056158735e-08
8.217636041580524753e-08
8.218542438649391476e-08
8.018090929748087868e-08
7.968066204059179288e-08
8.157350953170667386e-08
7.942653215796691665e-08
8.054668887326094496e-08
8.048419023272339639e-08
7.930410474046108825e-08
7.970459859399550829e-08
8.016051505623159231e-08
7.929335895049133385e-08
7.843674546168367661e-08
7.714378191464416808e-08
7.682741087143827794e-08
7.697594121382974680e-08
7.848480475808071829e-08
7.665366003697026525e-08
7.575776270422145135e-08
7.532431822233398132e-08
7.424187689460801935e-08
7.499281552887517549e-08
7.581245505589019877e-08
7.542220765864524459e-08
7.745147810496858115e-08
7.885324434119639520e-08
7.891648648418943647e-08
8.048688079899631863e-08
7.875205459501868880e-08
7.852956570218918771e-08
8.067346112589045893e-08
8.005283401008427358e-08
7.923026479807458206e-08
7.831134195612034697e-08
7.887208332284973436e-08
7.803230564265269975e-08
7.568067568471661929e-08
7.683845725306012546e-08
7.653828029374999720e-08
7.563317414815696363e-08
7.755777759982554493e-08
7.772407488510120735e-08
7.608975415091260054e-08
7.688520393694483132e-08
7.426703518514614953e-08
7.568987932925352133e-08
7.963529599023168497e-08
8.000878664103105693e-08
8.197390854483832663e-08
7.878048733778791276e-08
8.006912961409153339e-08
8.268498933789661187e-08
8.313314171669774034e-08
8.080318755089875661e-08
8.125223000620544851e-08
8.540059650029696806e-08
8.393082855821727479e-08
8.379261557054824540e-08
8.535915116032330795e-08
8.654988699462003498e-08
8.516330270568148197e-08
8.684064128197941012e-08
8.777704162220566269e-08
8.401965976558661443e-08
9.021741541971059882e-08
8.895994000753392586e-08
8.869461080704158620e-08
8.726259245631232632e-08
9.244723888205484497e-08
9.299407169797000957e-08
9.199256109435146748e-08
9.340300181360915585e-08
9.228848516602499374e-08
9.639019010727488897e-08
9.347010726994743514e-08
9.559073535981369690e-08
9.167344927227012887e-08
9.071153150406359404e-08
9.737697300153551890e-08
9.832622648902952462e-08
9.855972932625493616e-08
1.025916677590440311e-07
1.040450563623439073e-07
1.071128171724566349e-07
1.077481269231849152e-07
1.047825815132463875e-07
1.058391076526704147e-07
1.078708848385205603e-07
1.111795344687088551e-07
1.094067427678621661e-07
1.132636508103327453e-07
1.162263356643117101e-07
1.224951621996193991e-07
1.138925847223497099e-07
1.141070608501731994e-07
1.152591518303203967e-07
1.158615292151711121e-07
1.133679164151600828e-07
1.189821174688930879e-07
1.223009100746839758e-07
1.237015248625237492e-07
1.238462120386189956e-07
1.389371984763803546e-07
1.556215331696854110e-07
1.505568675647472632e-07
1.550876737390868274e-07
1.770111545404130542e-07
1.846075741286053806e-07
1.726047263699329458e-07
1.981037264697413350e-07
2.117733317829766459e-07
2.255586076941518569e-07
2.308076341790391610e-07
2.500097750123714765e-07
2.601167470229923201e-07
2.744847478160039810e-07
2.726833263835885832e-07
2.753307852843105328e-07
3.086783868618837678e-07
3.169928873250897351e-07
3.106936790005107505e-07
3.295004480814585924e-07
3.456831231190725651e-07
3.481080109299105610e-07
3.826096290724278157e-07
3.832689657428417747e-07
3.987149116258927901e-07
4.804330378610603158e-07
4.810209842101667923e-07
4.948931628794405223e-07
5.433842192905286919e-07
