3.631153469016596773e+02
3.616633944676957526e+02
3.612630360749707279e+02
3.609081163344705487e+02
3.605674040284798707e+02
3.602656347410616604e+02
3.599394427152558364e+02
3.596318814726397477e+02
3.593420886499090443e+02
3.590348444269006336e+02
3.587496505674825471e+02
3.584703134627565078e+02
3.581691460081206628e+02
3.578931873580703495e+02
3.576422188789023267e+02
3.573617963596122422e+02
3.570903080961057867e+02
3.568174679684581747e+02
3.565605145772685205e+02
3.562699489338136800e+02
3.560084589020805197e+02
3.557458498684543997e+02
3.554899991281324674e+02
3.552442708929748960e+02
3.549911211442694139e+02
3.547371750539878121e+02
3.544823175308372925e+02
3.542110253330689034e+02
3.539632172485623869e+02
3.537167301910508286e+02
3.534675142393342071e+02
3.532007239142181447e+02
3.529663515291604199e+02
3.527422508502122582e+02
3.524978149475066402e+02
3.522568852585889658e+02
3.520115234397166546e+02
3.517827289807640909e+02
3.515393108097590584e+02
3.512926946687834970e+02
3.510720012265938408e+02
3.508338232060098107e+02
3.505783334926225052e+02
3.503587128410234186e+02
3.501308079403726197e+02
3.499077201397002455e+02
3.496825612843201725e+02
3.494330706191155400e+02
3.492162852510557514e+02
3.489900829307417780e+02
3.487649207815183559e+02
3.485418031933996303e+02
3.483518097415278021e+02
3.481328469821398812e+02
3.478843289786740343e+02
3.476535326146690181e+02
3.474033446696858505e+02
3.471830020470393379e+02
3.469514541246891781e+02
3.467210642711850710e+02
3.465137065952500279e+02
3.463039649008195511e+02
3.460860819098414822e+02
3.458767911482419777e+02
3.456604594874484064e+02
3.454422047458550082e+02
3.452338804084834578e+02
3.450271097368404867e+02
3.448102838694895240e+02
3.446072192680361468e+02
3.443949843929349299e+02
3.441610074942052506e+02
3.439565451170476535e+02
3.437453006776696611e+02
3.435377086716840154e+02
3.433343756404884175e+02
3.431351370080002994e+02
3.429265796511194253e+02
3.427317687978908225e+02
3.425316879033834425e+02
3.423169354516584804e+02
3.421316258608603675e+02
3.419191443917436004e+02
3.417232596508495135e+02
3.415307712685861361e+02
3.413180508987192638e+02
3.411098079153467211e+02
3.409084255590555017e+02
3.407036111028917844e+02
3.404841948545096102e+02
3.402926849102177016e+02
3.400995701071427675e+02
3.399105063700965275e+02
3.397255085982790774e+02
3.395273663564108233e+02
3.393348661765807037e+02
3.391260055332485877e+02
3.389070037071936099e+02
3.387064392859832083e+02
3.385076383579361163e+02
3.383078702958763415e+02
3.381041583445896208e+02
3.379001208305068644e+02
3.377264232304786447e+02
3.375482596741289854e+02
3.373745138294900130e+02
3.371826684490323487e+02
3.369763603123218445e+02
3.368027865106962508e+02
3.366084517030379288e+02
3.364194906104268625e+02
3.362059755657501228e+02
3.360310258421437197e+02
3.358295795692403658e+02
3.356397814679223188e+02
3.354604915047322606e+02
3.352620542643711019e+02
3.350672511259155613e+02
3.348799842220696519e+02
3.346953731196113608e+02
3.345118554531179598e+02
3.343255202037875620e+02
3.341484402696745519e+02
3.339745387555581146e+02
3.337918550945001925e+02
3.336028021298429280e+02
3.334118882846366319e+02
3.332336445364823589e+02
3.330493561427250597e+02
3.328653077968492084e+02
3.326817695662820711e+02
3.325050961686607707e+02
3.323060187820816509e+02
3.321412252188597449e+02
3.319560749392666139e+02
3.317472196699203550e+02
3.315590358640508839e+02
3.313732715453361379e+02
3.312031976300168594e+02
3.310294861864188647e+02
3.308328732769767271e+02
3.306481125968379615e+02
3.304716081744227836e+02
3.302868508635423268e+02
3.301160061386560756e+02
3.299389809118092671e+02
3.297673493665114961e+02
3.295876179418776246e+02
3.294120122326550586e+02
3.292337516021428883e+02
3.290717215042124053e+02
3.288903255297425403e+02
3.287136530215861967e+02
3.285493935701696273e+02
3.283605900411905054e+02
3.281838883058818510e+02
3.280146928849620735e+02
3.278556059651064629e+02
3.276856060790622109e+02
3.275088917393646852e+02
3.273430304672128273e+02
3.271655344450214784e+02
3.269792596868614396e+02
3.267906451909598786e+02
3.266342644731901714e+02
3.264720859543882625e+02
3.262870745097069971e+02
3.261106488033493633e+02
3.259405215403255625e+02
3.257680927512585072e+02
3.255988459230081276e+02
3.254280778976151964e+02
3.252600346248453320e+02
3.250882095774800860e+02
3.249195582437958478e+02
3.247585043249838463e+02
3.245839638159310994e+02
3.244295241146546118e+02
3.242617170021158586e+02
3.240970853837652044e+02
3.239357521089298757e+02
3.237703596937473662e+02
3.236052067248058393e+02
3.234533093149236151e+02
3.232869138931058615e+02
3.231224118852926495e+02
3.229620084108038895e+02
3.228017409527967061e+02
3.226462919553194411e+02
3.224844246263972991e+02
3.223268613123343584e+02
3.221657897025884267e+02
3.220101622850852436e+02
3.218660121539014085e+02
3.217124559247584443e+02
3.215596269984176843e+02
3.213877678395727457e+02
3.212459537952134383e+02
3.210784029848580872e+02
3.209053598920624495e+02
3.207636883585382179e+02
3.206125482722171114e+02
3.204540734281144978e+02
3.202859350518122596e+02
3.201232820980283122e+02
3.199741495848269892e+02
3.198212902924168475e+02
3.196669715646457917e+02
3.194967412977945287e+02
3.193340977050015681e+02
3.191860685679906169e+02
3.190279267969722810e+02
3.188693611314586178e+02
3.187212860284220142e+02
3.185595042759324542e+02
3.183999765440665328e+02
3.182418602112376220e+02
3.180908447859239345e+02
3.179359651394644288e+02
3.177918092036680946e+02
3.176351436203285630e+02
3.174875301611342024e+02
3.173483284572124603e+02
3.171925008535013717e+02
3.170535431969492492e+02
3.168993901657988772e+02
3.167442243227847598e+02
3.165945960756928343e+02
3.164324220741744398e+02
3.162997442106041603e+02
3.161638246980220970e+02
3.160053684450156766e+02
3.158521595788267859e+02
3.156971034030784722e+02
3.155550614762926784e+02
3.153924709618940483e+02
3.152445121129474614e+02
3.150935750697109938e+02
3.149509289484151964e+02
3.147965324444822386e+02
3.146501928592600734e+02
3.145122516584277150e+02
3.143581478086951506e+02
3.142128028643710422e+02
3.140788370390882278e+02
3.139265436248381889e+02
3.137968253276080191e+02
3.136418737760721456e+02
3.135021127064813982e+02
3.133560292021690543e+02
3.132257056617374360e+02
3.130870461576309935e+02
3.129239455109494656e+02
3.127864562020363337e+02
3.126415942932896428e+02
3.124991386172427497e+02
3.123560777732539009e+02
3.122260938334014782e+02
3.120771722614820192e+02
3.119359111485140374e+02
3.117951800413814567e+02
3.116585993435953696e+02
3.115064785138758339e+02
3.113613401440965731e+02
3.112253226213190374e+02
3.110828950767494234e+02
3.109382580943249650e+02
3.108060714113533436e+02
3.106654471160439357e+02
3.105193273682548920e+02
3.103879937789872656e+02
3.102440308556356285e+02
3.101024842006191875e+02
3.099632399771368796e+02
3.098166575468082442e+02
3.096637669549675707e+02
3.095250576048780999e+02
3.094007171592922418e+02
3.092774297676115225e+02
3.091349461538896435e+02
3.090052750537622046e+02
3.088738259029985898e+02
3.087402708618234328e+02
3.086038734436286859e+02
3.084802110924828185e+02
3.083459207093202394e+02
3.082071913093416242e+02
3.080661244336979507e+02
3.079399928367910775e+02
3.078101379074449255e+02
3.076792986754853132e+02
3.075471140348288372e+02
3.074107232383605037e+02
3.072843962395928088e+02
3.071502566188542573e+02
3.070109733448697398e+02
3.068822124706795762e+02
3.067559043504254532e+02
3.066163403127604283e+02
3.064872599575533627e+02
3.063616251524397853e+02
3.062248527207518691e+02
3.060877167753588424e+02
3.059594186468394810e+02
3.058227536473286818e+02
3.056981985141468385e+02
3.055617998597761016e+02
3.054371306561644701e+02
3.053008254157895180e+02
3.051767096605327652e+02
3.050381987010182456e+02
3.049207413838461775e+02
3.047919276556154387e+02
3.046654138967098220e+02
3.045280339004942789e+02
3.044033885245147530e+02
3.042790897187190922e+02
3.041561620764093732e+02
3.040237699528901771e+02
3.038903290718263861e+02
3.037653182026768377e+02
3.036280538463067273e+02
3.034886492362330728e+02
3.033731593909143953e+02
3.032499699997223956e+02
3.031290579741994407e+02
3.030043269953125673e+02
3.028837148823350276e+02
3.027568822319414608e+02
3.026383076318765006e+02
3.025207009943851517e+02
3.023912209048063460e+02
3.022626693582393500e+02
3.021518393673329683e+02
3.020282795847859916e+02
3.018893458968100276e+02
3.017637720705009770e+02
3.016445119554031749e+02
3.015225395025445891e+02
3.014020734821270366e+02
3.012685741233956946e+02
3.011283920719674256e+02
3.010120176536709096e+02
3.008845789066719476e+02
3.007652637061999030e+02
3.006380934496226018e+02
3.005243680551946568e+02
3.004070199268988972e+02
3.002933863548824434e+02
3.001723302106676101e+02
3.000494987227385764e+02
2.999425261312891848e+02
2.998117595076408293e+02
2.996988054752909534e+02
2.995672174233646388e+02
2.994519185922580959e+02
2.993400467744176012e+02
2.992176833816847648e+02
2.990938909118700622e+02
2.989741354706955008e+02
2.988379411731312985e+02
2.987216699215234712e+02
2.986037839729636403e+02
2.984891669773378453e+02
2.983696388459794662e+02
2.982573001821825756e+02
2.981453876945752199e+02
2.980224822109030924e+02
2.979013862215905988e+02
2.977795699252496888e+02
2.976594992786140779e+02
2.975325867726322713e+02
2.974273025303086229e+02
2.973149388264470190e+02
2.972039641426491698e+02
2.971025784158819647e+02
2.969899630094548115e+02
2.968686274733184405e+02
2.967592883174859253e+02
2.966440720465889171e+02
2.965131016606137564e+02
2.964052631706086345e+02
2.962936560438994320e+02
2.961887925979802958e+02
2.960784459289812389e+02
2.959670222006569702e+02
2.958593339936211919e+02
2.957432515209624171e+02
2.956370236418788409e+02
2.955167295175792788e+02
2.953937698017199978e+02
2.952815654942584160e+02
2.951644502453527821e+02
2.950511883765281027e+02
2.949398089695816907e+02
2.948331892085716959e+02
2.947297707604078596e+02
2.946082671534134079e+02
2.945012991013051646e+02
2.943952328860003718e+02
2.942855159753439693e+02
2.941902489233622759e+02
2.940729201615498596e+02
2.939695272948691809e+02
2.938595910695669886e+02
2.937520521180870787e+02
2.936238589142232627e+02
2.935258525872257565e+02
2.934151499213922989e+02
2.933039482491527110e+02
2.931900366116616397e+02
2.930847995267064903e+02
2.929757017093230616e+02
2.928779973126563050e+02
2.927641603392725642e+02
2.926614571380108600e+02
2.925615168036906653e+02
2.924468177387630590e+02
2.923420866070400166e+02
2.922341362057969150e+02
2.921245906421659697e+02
2.920104868056703253e+02
2.919074315890999856e+02
2.918066468032084799e+02
2.917059858666311243e+02
2.916015068668452841e+02
2.914861951904446755e+02
2.913575628073606367e+02
2.912517884851126837e+02
2.911447820893736775e+02
2.910471061224183131e+02
2.909325175213623993e+02
2.908315562013607973e+02
2.907250910908543347e+02
2.906257533679419680e+02
2.905215935984144835e+02
2.904095722823358301e+02
2.903117140591126599e+02
2.902155276566605835e+02
2.901144941364407259e+02
2.900121621680827388e+02
2.899031669478180220e+02
2.897939621493665072e+02
2.896961175235286419e+02
2.895895898194120832e+02
2.894902196110834325e+02
2.893842960703979088e+02
2.892799654372951181e+02
2.891849404619262600e+02
2.890833955974632090e+02
2.889926699182897778e+02
2.888892946822168142e+02
2.887855409757208349e+02
2.886942233666046604e+02
2.886013280029303587e+02
2.885024280842407620e+02
2.884032807604574487e+02
2.883074999762186508e+02
2.882098622824810832e+02
2.881023951556118163e+02
2.879914111738237921e+02
2.878921380658238718e+02
2.878053704390009102e+02
2.876977245785039941e+02
2.876019179590129511e+02
2.875067098808979722e+02
2.874082584548767727e+02
2.873198210363628391e+02
2.872287528289158445e+02
2.871324973758177066e+02
2.870355987708948078e+02
2.869583083131554417e+02
2.868465899499500438e+02
2.867546159193717585e+02
2.866610803979511957e+02
2.865589888877177032e+02
2.864608533735166702e+02
2.863718939854890664e+02
2.862633855900081130e+02
2.861740481068203508e+02
2.860741397048971635e+02
2.859862094360388483e+02
2.858924506358772533e+02
2.857984636344553451e+02
2.857034942565306892e+02
2.856039767590623910e+02
2.855099532304329273e+02
2.854301632363797125e+02
2.853187814796179964e+02
2.852259788592869540e+02
2.851290710039700116e+02
2.850365041576407634e+02
2.849434182857272049e+02
2.848366304687089610e+02
2.847447891875235655e+02
2.846540691242056482e+02
2.845609993636776380e+02
2.844670772414401085e+02
2.843826564177264231e+02
2.842795513318341705e+02
2.841847029330625105e+02
2.840993690880715690e+02
2.840063058983765814e+02
2.839209091719911271e+02
2.838396734168196076e+02
2.837489728225075396e+02
2.836682136284742342e+02
2.835779810875674229e+02
2.834888283667333440e+02
2.833945554070081698e+02
2.833023253192920947e+02
2.832143997724653559e+02
2.831268992056660068e+02
2.830486110742818369e+02
2.829709023999479882e+02
2.828761481958864010e+02
2.827935968984749593e+02
2.827097549795936402e+02
2.826263777131095480e+02
2.825453093848962567e+02
2.824587378550149310e+02
2.823742688870346456e+02
2.822881902516512014e+02
2.821950626276696426e+02
2.821079887387638223e+02
2.820323594594405563e+02
2.819430741012021144e+02
2.818507727804148431e+02
2.817611838171777094e+02
2.816802819111205736e+02
2.815968938369315424e+02
2.815182602302157306e+02
2.814468105504150230e+02
2.813601982159609065e+02
2.812698856220955008e+02
2.811817447611066427e+02
2.810956792299674589e+02
2.810153277890984782e+02
2.809354190584920730e+02
2.808532261593534258e+02
2.807732628095147334e+02
2.806971052342690314e+02
2.806011511963687326e+02
2.805178316269425522e+02
2.804340357610159913e+02
2.803491830366287445e+02
2.802652025294697751e+02
2.801931229277785746e+02
2.801173534031369172e+02
2.800390913150660595e+02
2.799623942530920999e+02
2.798816776169486502e+02
2.798132438471888577e+02
2.797180080260862951e+02
2.796424644612608290e+02
2.795635841833716881e+02
2.794877765689439002e+02
2.794074616464547489e+02
2.793300331903915890e+02
2.792467155093139013e+02
2.791635116365737304e+02
2.790876188987239175e+02
2.790148720581671569e+02
2.789327841242578643e+02
2.788567921953409154e+02
2.787739321399549226e+02
2.786903827992860556e+02
2.786180100025640627e+02
2.785472608266975385e+02
2.784708171084602100e+02
2.783908341763584531e+02
2.783152212444137490e+02
2.782443512520471813e+02
2.781647285468548034e+02
2.780886208494924858e+02
2.780174959496652036e+02
2.779431321714241108e+02
2.778651427845113062e+02
2.777952460698676873e+02
2.777211891368299916e+02
2.776452763892370967e+02
2.775743367847820764e+02
2.775065068580275920e+02
2.774281973136464785e+02
2.773581312578987195e+02
2.772877740363502426e+02
2.772114089200465514e+02
2.771372729647832784e+02
2.770669611291656338e+02
2.769955893072819322e+02
2.769237596005629030e+02
2.768547792292701502e+02
2.767821413971676634e+02
2.767183535614562402e+02
2.766441269460877947e+02
2.765726857339141702e+02
2.764978273889293519e+02
2.764199514183828228e+02
2.763436053258268998e+02
2.762804702383725726e+02
2.762168085639359560e+02
2.761530514311020283e+02
2.760925397558938812e+02
2.760248852534794537e+02
2.759504617310528829e+02
2.758836769084487059e+02
2.758162494070730872e+02
2.757578528442052743e+02
2.756889257229419741e+02
2.756327791260293338e+02
2.755650812066076014e+02
2.754895343190212316e+02
2.754245062827245647e+02
2.753580823106213984e+02
2.752908988905280694e+02
2.752243329586723917e+02
2.751634568671045145e+02
2.750997068180254814e+02
2.750356661360813746e+02
2.749763144858807209e+02
2.749166650936794554e+02
2.748548926593602459e+02
2.748015103292749473e+02
2.747421682896100492e+02
2.746710014061117704e+02
2.746118945531646887e+02
2.745485563846079913e+02
2.744844482475476752e+02
2.744180767029293975e+02
2.743602891542240627e+02
2.743022522366595126e+02
2.742390012685114584e+02
2.741840202036195819e+02
2.741255602722231401e+02
2.740712236035041087e+02
2.740150312217260762e+02
2.739558117919706888e+02
2.738910156351097385e+02
2.738339998519593337e+02
2.737787902281904735e+02
2.737271048301607266e+02
2.736675303184604786e+02
2.736118209519852371e+02
2.735504207517288933e+02
2.734966643082783548e+02
2.734387255419549660e+02
2.733870101162103765e+02
2.733329905880664796e+02
2.732823473778657899e+02
2.732288403508743500e+02
2.731745387406583063e+02
2.731287775005499157e+02
2.730700425353731475e+02
2.730196010163670053e+02
2.729701117177093010e+02
2.729164719172084119e+02
2.728684879858572003e+02
2.728090741677226561e+02
2.727598078391962986e+02
2.727147680558532556e+02
2.726665522421377545e+02
2.726179299528658930e+02
2.725780755666390860e+02
2.725264815710305015e+02
2.724837249934595889e+02
2.724403673143207243e+02
2.723983063070816684e+02
2.723544935613189750e+02
2.723126994813763986e+02
2.722707956283313706e+02
2.722340948834517462e+02
2.721957374676730410e+02
2.721560202059875451e+02
2.721176667390640773e+02
2.720760310011679621e+02
2.720336542621544709e+02
2.719981067889129349e+02
2.719574563161060610e+02
2.719351177973147742e+02
2.718927802343140456e+02
2.718635608805606694e+02
2.718348683345536188e+02
2.718107375661184051e+02
2.717845438415150738e+02
2.717585250448533998e+02
2.717293783316750364e+02
2.717023095866622384e+02
2.716805933742193702e+02
2.716632046635893971e+02
2.716506681163285180e+02
2.716367101513095008e+02
2.716164864736716140e+02
2.716132401315222182e+02
2.716060119602565237e+02
2.716058515897283883e+02
2.716045862813157328e+02
2.715999677362574971e+02
2.715990654493494958e+02
2.715979444731560193e+02
2.715966341304260254e+02
2.715950146691404825e+02
