1.762925963734864043e-02
3.218106956196791657e+00
6.404582154968414542e+00
9.696681136020641745e+00
1.295870067659893898e+01
1.625564002745635150e+01
1.956779196883594096e+01
2.279731188422645261e+01
2.607765568173082116e+01
2.938669595680952540e+01
3.264335651674394256e+01
3.593856716409703722e+01
3.920196966740304845e+01
4.256321678770103034e+01
4.582108744006134771e+01
4.913635104774177620e+01
5.238281225709016553e+01
5.567370114578518780e+01
5.901178363952337946e+01
6.230682141660863493e+01
6.567913223921036092e+01
6.902603112080679182e+01
7.238295648241305003e+01
7.563270222826190547e+01
7.893448194899281134e+01
8.225303009334496096e+01
8.553596694614020635e+01
8.886333147821302703e+01
9.216424684736364270e+01
9.548469656583100118e+01
9.876141008598953874e+01
1.021166067441939020e+02
1.054631598848080927e+02
1.088155906174192182e+02
1.121569576478982668e+02
1.155361832844148893e+02
1.189240524384192526e+02
1.223044881672917370e+02
1.256728229718413985e+02
1.290164373165951588e+02
1.324290269301207559e+02
1.357989175679411176e+02
1.391824649631504940e+02
1.425326483811788307e+02
1.458786829109533585e+02
1.492904081727944572e+02
1.526786230673332909e+02
1.560253490784901658e+02
1.593226341701933109e+02
1.627013411954593494e+02
1.661097819207668067e+02
1.694603110796740850e+02
1.728296831063452146e+02
1.761397606035471313e+02
1.796211526154729654e+02
1.830700450017994285e+02
1.864828074856615956e+02
1.899643723679239429e+02
1.932754870873168613e+02
1.966540212425544212e+02
2.000104279929441589e+02
2.033377925250858880e+02
2.067220314018474880e+02
2.100953794464013527e+02
2.135212800766755379e+02
2.169183113590050311e+02
2.203421375451367510e+02
2.237460836414146286e+02
2.272139917663564006e+02
2.306392009153183835e+02
2.341192099647223870e+02
2.375212544872950673e+02
2.409175942882781669e+02
2.442899051108146296e+02
2.477151142596044906e+02
2.511928759943545799e+02
2.546955310592731223e+02
2.581037989143819118e+02
2.615424919503270758e+02
2.649080608293500632e+02
2.682981772976611978e+02
2.717640109783215507e+02
2.751396063374575078e+02
2.785556533578564427e+02
2.820024713003506349e+02
2.854204198947244322e+02
2.888252303426490357e+02
2.922367827343233557e+02
2.956725369747168202e+02
2.992104575904165813e+02
3.026723152530262269e+02
3.061153300478380856e+02
3.095439966037084218e+02
3.129329029796612645e+02
3.163290699103736188e+02
3.197174576752842654e+02
3.231241696969159989e+02
3.265279429228924641e+02
3.299991355843699807e+02
3.334276292701421198e+02
3.368052990733905290e+02
3.402235934085101121e+02
3.437075784757616930e+02
3.471101416093780472e+02
3.505994856574421306e+02
3.540464764703732499e+02
3.575161132989568955e+02
3.609427054105804018e+02
3.644132065907123774e+02
3.677970997264567927e+02
3.712281864674473582e+02
3.746571987640894008e+02
3.780253606983351915e+02
3.814730429926469810e+02
3.848814837178158541e+02
3.883533678604670740e+02
3.917688962700948423e+02
3.951766455139195386e+02
3.985987429965103956e+02
4.020023433519066316e+02
4.054095739847526261e+02
4.088321900785954881e+02
4.122873057975580195e+02
4.157628202177285743e+02
4.191420458541780363e+02
4.226102997197255604e+02
4.260678356237764888e+02
4.294714359790010576e+02
4.329656203968014552e+02
4.364252307451005777e+02
4.398713572060387378e+02
4.433556880142364776e+02
4.467781312375718130e+02
4.502265050134029707e+02
4.537020194336067789e+02
4.571446884879148911e+02
4.606207215192662261e+02
4.640708239983245562e+02
4.674704483355977231e+02
4.709570264581358288e+02
4.743544034813803592e+02
4.778157425331847321e+02
4.812955787118039552e+02
4.847349632294323101e+02
4.881255983090214841e+02
4.915798496764986112e+02
4.949786096621538718e+02
4.984760786165882109e+02
5.019139073011534151e+02
5.053318558956304969e+02
5.087565464335485217e+02
5.122356911312036800e+02
5.157264181419689066e+02
5.191938076557603381e+02
5.225960250485964025e+02
5.261190788145784154e+02
5.295776519409947696e+02
5.330021696085469785e+02
5.364348121825993303e+02
5.398916566052655526e+02
5.433277565861878884e+02
5.467327399045191214e+02
5.501242393356304774e+02
5.535157387670161597e+02
5.569457882858557696e+02
5.603671942872756517e+02
5.638444374111237494e+02
5.672641147088978641e+02
5.706414387713947463e+02
5.740937885649977943e+02
5.775087983635389719e+02
5.809466270477270200e+02
5.844147080430034293e+02
5.877835614585621897e+02
5.911786911672901397e+02
5.946047646677981220e+02
5.980444949258669567e+02
6.015001292560467618e+02
6.049723591399938414e+02
6.084525410595323365e+02
6.118649578028278029e+02
6.153126400970760415e+02
6.188054415521518195e+02
6.222913281933059579e+02
6.257343429883493400e+02
6.291880757447493124e+02
6.326338564649748832e+02
6.360208612673933430e+02
6.395098595745789680e+02
6.429969563080267108e+02
6.464531092494552240e+02
6.498420156255483562e+02
6.533455350421185130e+02
6.567882040962252859e+02
6.602001022284771352e+02
6.636183965635644881e+02
6.671257191278540404e+02
6.706342517845006341e+02
6.740684501918353817e+02
6.774820770275567838e+02
6.809669264467021321e+02
6.844588635499944758e+02
6.878742190891454129e+02
6.912619153726045624e+02
6.947210071098237449e+02
6.982001518071987221e+02
7.016531930823587118e+02
7.050929233405628338e+02
7.085374939686408879e+02
7.119853491332878548e+02
7.154326856869931817e+02
7.188478683558088278e+02
7.222706573198195201e+02
7.257219698914796027e+02
7.291532295026753445e+02
7.325665105976198674e+02
7.360141928919322254e+02
7.394558247242189282e+02
7.429468974757884325e+02
7.463852447711969944e+02
7.498137384568308335e+02
7.532050650178076694e+02
7.566876671222948971e+02
7.601773569111365987e+02
7.636278051310758883e+02
7.670984791812678623e+02
7.705491002711352166e+02
7.740133781189758793e+02
7.774525897660403189e+02
7.808769345632558725e+02
7.843616111121330050e+02
7.878227772933646520e+02
7.912682122731633854e+02
7.947779550224029208e+02
7.982488019432416877e+02
8.016906066456268718e+02
8.051704428245921008e+02
8.086777653889457724e+02
8.121249290719407554e+02
8.156019993252101585e+02
8.191610101235321508e+02
8.226809522232543941e+02
8.261950167310825464e+02
8.296688024479198020e+02
8.332253930612862405e+02
8.366725567445187153e+02
8.401468610722949961e+02
8.436640372462162532e+02
8.471941786964897574e+02
8.505787633139274249e+02
8.540691445840157030e+02
8.575489807630167434e+02
8.609598416730398185e+02
8.644232551689212869e+02
8.679423329169254657e+02
8.714130069673568642e+02
8.747988016771469120e+02
8.782883185953766088e+02
8.817835402351980747e+02
8.852395203061173561e+02
8.887522018513536750e+02
8.922280620122647861e+02
8.956691752333703107e+02
8.991673356691919707e+02
9.026513207363399260e+02
9.060417829455656147e+02
9.095447837511238731e+02
9.129931575265770789e+02
9.164463716719078548e+02
9.199429762745313610e+02
9.234511631904352953e+02
9.269557198292399107e+02
9.304550903575932352e+02
9.338917089496130757e+02
9.373988586434393255e+02
9.409251969459439806e+02
9.443889561825767487e+02
9.478271306076842393e+02
9.512288293892762567e+02
9.547786780591355864e+02
9.582548839608573417e+02
9.617689484686167134e+02
9.652168036332091106e+02
9.686708821302323713e+02
9.721175272023649541e+02
9.755603691268157718e+02
9.790469472494035017e+02
9.825765700883362115e+02
9.860934005216265632e+02
9.895658032754953410e+02
9.931106387051110005e+02
9.966423359882094246e+02
1.000085696523966817e+03
1.003540466502530762e+03
1.006984864260034215e+03
1.010518463117190208e+03
1.014014376238372620e+03
1.017508214915412054e+03
1.021021933682682175e+03
1.024579042906968880e+03
1.028106937042661457e+03
1.031640017288729268e+03
1.035092021341803502e+03
1.038590008907495303e+03
1.041999832595702856e+03
1.045526689509271137e+03
1.049058559662913012e+03
1.052595097316056808e+03
1.056099826825258106e+03
1.059613199851637546e+03
1.063127955840916229e+03
1.066610212204834852e+03
1.070089011161643839e+03
1.073593740670887428e+03
1.077131661286906137e+03
1.080613571910024120e+03
1.084121240215129319e+03
1.087665384163422232e+03
1.091216097185022363e+03
1.094665335312560046e+03
1.098172485006669149e+03
1.101616364153429231e+03
1.105110894311950005e+03
1.108682006034503274e+03
1.112137813235302701e+03
1.115652569224590479e+03
1.119175795860685639e+03
1.122639382226771204e+03
1.126115760998864289e+03
1.129672524482534300e+03
1.133112946221983975e+03
1.136585176105515529e+03
1.140129147183412442e+03
1.143650817986502034e+03
1.147143100830566937e+03
1.150618615250908306e+03
1.154037773937674956e+03
1.157510522432491143e+03
1.161030464532350834e+03
1.164574262739979304e+03
1.168114084929486353e+03
1.171616912864913729e+03
1.175133916168911355e+03
1.178707102335630452e+03
1.182255740912951296e+03
1.185766520884131978e+03
1.189237367805062604e+03
1.192773386847221445e+03
1.196352969216871770e+03
1.199902299275745690e+03
1.203420166931108270e+03
1.206952037084499580e+03
1.210487537515580698e+03
1.213994687209563835e+03
1.217462249593946581e+03
1.221040621871087296e+03
1.224528928697007359e+03
1.228069788108853800e+03
1.231658359736683906e+03
1.235143382026103836e+03
1.238691156251933762e+03
1.242221297701943968e+03
1.245732942024862950e+03
1.249242511903707509e+03
1.252764009836453852e+03
1.256293805545943314e+03
1.259783495334708732e+03
1.263307759193252650e+03
1.266921224151095430e+03
1.270392416812633201e+03
1.273982025662535307e+03
1.277403777404583934e+03
1.280886206638692784e+03
1.284455416787455988e+03
1.287939228984361080e+03
1.291478359692623826e+03
1.294917571339888127e+03
1.298404840943913314e+03
1.301970939426486211e+03
1.305464259492330939e+03
1.309039692973531828e+03
1.312517108967678951e+03
1.316020455514047171e+03
1.319499945952166172e+03
1.323057573787724550e+03
1.326619523381804356e+03
1.330142750018163724e+03
1.333680843504199402e+03
1.337261635966456652e+03
1.340813386210156295e+03
1.344380867655594329e+03
1.347913429290547128e+03
1.351507878509952207e+03
1.354969390432126829e+03
1.358518029009698012e+03
1.362143767762311199e+03
1.365806500769245304e+03
1.369404061654985981e+03
1.372894442925313342e+03
1.376378946603472514e+03
1.379914447034459499e+03
1.383417620710492429e+03
1.387009304004339356e+03
1.390601678779910799e+03
1.394014614134312524e+03
1.397541298177534600e+03
1.401008514821156268e+03
1.404574267562979912e+03
1.408150219655492265e+03
1.411629018612359459e+03
1.415146194786273782e+03
1.418701056696232172e+03
1.422233445461046813e+03
1.425790208944606320e+03
1.429447064359778096e+03
1.433005729417289558e+03
1.436516163647772601e+03
1.440123059532311572e+03
1.443689503755521173e+03
1.447267530292011770e+03
1.450827751182894872e+03
1.454368783465066144e+03
1.457945772779604795e+03
1.461485594969212343e+03
1.465041666971568475e+03
1.468715636551170292e+03
1.472247506704732359e+03
1.475801504262902426e+03
1.479379012188373054e+03
1.482972251315480207e+03
1.486567392016393569e+03
1.490126748555345102e+03
1.493761476565732664e+03
1.497305101902877141e+03
1.500819339280996473e+03
1.504401341835600078e+03
1.507936842266512485e+03
1.511504669452622238e+03
1.515022018496948021e+03
1.518549912632361611e+03
1.522085758804053285e+03
1.525640793584148241e+03
1.529256678726709424e+03
1.532807218878016329e+03
1.536447824480477038e+03
1.540057486290713314e+03
1.543709674206525278e+03
1.547345612309517492e+03
1.550931418011497499e+03
1.554546265932171309e+03
1.558189118849244778e+03
1.561791865845697657e+03
1.565365052012343085e+03
1.569026402056542565e+03
1.572593537761128800e+03
1.576202508089874527e+03
1.579794364254152924e+03
1.583383800233684269e+03
1.586916880479847350e+03
1.590512194051203778e+03
1.594044928556663081e+03
1.597608261113677599e+03
1.601239013106364155e+03
1.604888435096650710e+03
1.608445371450727635e+03
1.611976722993564408e+03
1.615620267391957896e+03
1.619198639669192744e+03
1.622865002953470366e+03
1.626487975780523584e+03
1.630106972589420366e+03
1.633671860979600751e+03
1.637239169554735554e+03
1.640825666738272503e+03
1.644461604841706048e+03
1.648047583414399469e+03
1.651700981422388168e+03
1.655194128618024251e+03
1.658805346261283603e+03
1.662419329830102242e+03
1.666026917196256136e+03
1.669627589748186665e+03
1.673269578313404509e+03
1.676867830680484303e+03
1.680388637132019085e+03
1.683969948205244691e+03
1.687504065673495006e+03
1.691125655537643524e+03
1.694799106506166709e+03
1.698398223225176253e+03
1.702063030676355311e+03
1.705773130158599997e+03
1.709526274357496959e+03
1.713165324126859787e+03
1.716857790833731315e+03
1.720535044950113388e+03
1.724272630817711843e+03
1.728106159728255534e+03
1.731870194758982962e+03
1.735557475355169800e+03
1.739264985298272222e+03
