6.283471679852720149e-02
2.609338375035601398e+00
5.048208414695907642e+00
7.473423443044236336e+00
9.893819055635393767e+00
1.221541664520458603e+01
1.467517081981262450e+01
1.709155025260615091e+01
1.940591871853960981e+01
2.181506902769737266e+01
2.422984198857184523e+01
2.658838843227933424e+01
2.902083258426340251e+01
3.145247350028790478e+01
3.372105751652819805e+01
3.608362014003333229e+01
3.856747139342716935e+01
4.094449226420381649e+01
4.337452670830926138e+01
4.586319737746032388e+01
4.826672503490136279e+01
5.068230123173532320e+01
5.305691239463336473e+01
5.547489829934593075e+01
5.782139620366047694e+01
6.019118795080142093e+01
6.254893115854944341e+01
6.490828083821651262e+01
6.729494054050744012e+01
6.968400995067715087e+01
7.213573176568993972e+01
7.456415973787638052e+01
7.689860910279814732e+01
7.922422287216505765e+01
8.163979906899908201e+01
8.405135908603554640e+01
8.648942588973639545e+01
8.880379435566982238e+01
9.120732201311101051e+01
9.356908140065665691e+01
9.586979485527817246e+01
9.828456781615274451e+01
1.008045646877254171e+02
1.032088955811261002e+02
1.055971617553362165e+02
1.078986784459172412e+02
1.102548151817461957e+02
1.127635667498854701e+02
1.151751267669218777e+02
1.176477327168822313e+02
1.199934273852372115e+02
1.224571977396427940e+02
1.247779920932523225e+02
1.271783068068551614e+02
1.296790260153990175e+02
1.321709096283879603e+02
1.346009440724934052e+02
1.370615014830607947e+02
1.394152285110110654e+02
1.417978720335041771e+02
1.440889466566113128e+02
1.465519137750572725e+02
1.490180938373415245e+02
1.514336700341753783e+02
1.538412138714139701e+02
1.562760677312764983e+02
1.586458594784173783e+02
1.610188641693962950e+02
1.633750009052250789e+02
1.657688897311517451e+02
1.681194038152638086e+02
1.704779502589712763e+02
1.729778662315556232e+02
1.754456527657587799e+02
1.778700645581475044e+02
1.803876517218414790e+02
1.827445916936298715e+02
1.851834617332900166e+02
1.875355822893211553e+02
1.899640102615074966e+02
1.923386214244053747e+02
1.947132325873032812e+02
1.971673641101944838e+02
1.994552257894633556e+02
2.018981120089212027e+02
2.042831652392930550e+02
2.068240462458133209e+02
2.091006626216488087e+02
2.115564006164591149e+02
2.139486829704666775e+02
2.163771109426530188e+02
2.187894741956486939e+02
2.211849694934944068e+02
2.236133974656807766e+02
2.260683322245313889e+02
2.284678437021747470e+02
2.309018943260778087e+02
2.333512064332118996e+02
2.357989120684269437e+02
2.382562565351562966e+02
2.406300644620949925e+02
2.430600989062005226e+02
2.454893301143466715e+02
2.478109277039161213e+02
2.501943744623688701e+02
2.524958911529502359e+02
2.548945993946343549e+02
2.573583697490403779e+02
2.598165174517293394e+02
2.622561907273495763e+02
2.647287966773102994e+02
2.672889553468600639e+02
2.697262189146013043e+02
2.722253316512265542e+02
2.747091829046206612e+02
2.771480529442811758e+02
2.795114188037455278e+02
2.819486823714870525e+02
2.844421724563957810e+02
2.868890748556514154e+02
2.892203112767352309e+02
2.916985398784127597e+02
2.939888112655605141e+02
2.965425440474332959e+02
2.989452684689148327e+02
3.014002032277659850e+02
3.038503185708598835e+02
3.062650915317342992e+02
3.087224359984639932e+02
3.111805837011530116e+02
3.135752757630394854e+02
3.159940649037116032e+02
3.184473931906437656e+02
3.207665810723343611e+02
3.232584646853238723e+02
3.257672162534631752e+02
3.283121134397812284e+02
3.307068055016675885e+02
3.331167590467851483e+02
3.355114511086717357e+02
3.379607632158059687e+02
3.403924041318307445e+02
3.427959317892718332e+02
3.452195403457013185e+02
3.476560006774832345e+02
3.501342292791605928e+02
3.525875575660923573e+02
3.549653816728288120e+02
3.573849740494604248e+02
3.599073806289119375e+02
3.624378195679585701e+02
3.649457679001383781e+02
3.674392579850467087e+02
3.698443921144067872e+02
3.723876828288060210e+02
3.748610920147261822e+02
3.772453420091387102e+02
3.796247725877939274e+02
3.820588232116971312e+02
3.845129547345886181e+02
3.869574474259657677e+02
3.894517407468334795e+02
3.919444275957820878e+02
3.944210497255403993e+02
3.968494776977270249e+02
3.992546118270870465e+02
4.017119562938167405e+02
4.041885784235746542e+02
4.066427099464663115e+02
4.090912188176410496e+02
4.115573988799251879e+02
4.140500857288737961e+02
4.164415648469221196e+02
4.189358581677898883e+02
4.213562537803810528e+02
4.238384985618558289e+02
4.262926300847474295e+02
4.286045888428021726e+02
4.310522944780175294e+02
4.335498007427232210e+02
4.359758190070313049e+02
4.384034437432582649e+02
4.408415105469592845e+02
4.432064828783429675e+02
4.456734661765867713e+02
4.481500883063451397e+02
4.505624515593411274e+02
4.529145721153724367e+02
4.553622777505874524e+02
4.577730345316642229e+02
4.601596942339553493e+02
4.625977610376552320e+02
4.650398440211541242e+02
4.673783095658724847e+02
4.698131634257359224e+02
4.722030360718643465e+02
4.747133941119216729e+02
4.771586900392595112e+02
4.796369186409363579e+02
4.820685595569605084e+02
4.844769066301571456e+02
4.868595501526514226e+02
4.893666952488713378e+02
4.919742448400307353e+02
4.944299828348420078e+02
4.968479687395542896e+02
4.992121378349769998e+02
5.016381560992844584e+02
5.040497161163212354e+02
5.064757343806289782e+02
5.088270517006992009e+02
5.113173288417685853e+02
5.137264791509265933e+02
5.161838236176563441e+02
5.186307260169103301e+02
5.210238116068771888e+02
5.234080616012893188e+02
5.258388992813539744e+02
5.283516670292901836e+02
5.306347092928006077e+02
5.330928569954894556e+02
5.355196784957572618e+02
5.378894702428982555e+02
5.403652891366953099e+02
5.426394958046515740e+02
5.450904143837047968e+02
5.476706539522418780e+02
5.501159498795785794e+02
5.526198820319588094e+02
5.550201967455624299e+02
5.574526408975451659e+02
5.598826753416506108e+02
5.623263647970685497e+02
5.647314989264284577e+02
5.671526977749776961e+02
5.695755030954484255e+02
5.719661789775356056e+02
5.744644884782009058e+02
5.768631967198842858e+02
5.793759644678215182e+02
5.817489691587996958e+02
5.841974780299744907e+02
5.866226930583217154e+02
5.889892718616241609e+02
5.913253276984647755e+02
5.938790604803378983e+02
5.962287713284910069e+02
5.988090108970276333e+02
6.013394498360734133e+02
6.037984007747210171e+02
6.061569472184278311e+02
6.085130839542571266e+02
6.109977384436109560e+02
6.134125114044853717e+02
6.158513814441446357e+02
6.182838255961294180e+02
6.207371538830598183e+02
6.232338569118059013e+02
6.256405975130854813e+02
6.280931225640578077e+02
6.305946450085616561e+02
6.330134341492332624e+02
6.354956789307085501e+02
6.380092499146043110e+02
6.403894837292178863e+02
6.427946178585783628e+02
6.452816820558105064e+02
6.477647300732444364e+02
6.502357295512866813e+02
6.526247989614557810e+02
6.551343537655548062e+02
6.575724205692552005e+02
6.600249456202262763e+02
6.624734544914009575e+02
6.650304002171122875e+02
6.675190708862630800e+02
6.700543292410675349e+02
6.724393824714389893e+02
6.749184143090770931e+02
6.773018610675296713e+02
6.797824993770843776e+02
6.820599189888796445e+02
6.845405572984353739e+02
6.870051308888000676e+02
6.894632785914894839e+02
6.919503427887209455e+02
6.944173260869658861e+02
6.968128213848115138e+02
6.992613302559852855e+02
7.017194779586737923e+02
7.042161809874204437e+02
7.066446089596062166e+02
7.090055651111929365e+02
7.114372060272173712e+02
7.139017796175837702e+02
7.164145473655207752e+02
7.187570290900365535e+02
7.211967023656567335e+02
7.236130817984501391e+02
7.259732347140765114e+02
7.284627086191876515e+02
7.309369210410674214e+02
7.333549069457789074e+02
7.358074319967515748e+02
7.382615635196431185e+02
7.407831668631349658e+02
7.431738427452229416e+02
7.456344001557915817e+02
7.480379278132324998e+02
7.505257952464233995e+02
7.530465953539548991e+02
7.554798427418991196e+02
7.579187127815592930e+02
7.603905154955601802e+02
7.628904314681445840e+02
7.653525953506317592e+02
7.677930718622112636e+02
7.702472033851026936e+02
7.727254319867801087e+02
7.752229382514858571e+02
7.775855008749907711e+02
7.800573035889916582e+02
7.826118396068237644e+02
7.849350436683122325e+02
7.874598599556420595e+02
7.898264387589448461e+02
7.923215353157727350e+02
7.947395212204849031e+02
7.972715666314508098e+02
7.997698761321158827e+02
8.022657759249032097e+02
8.046725165261823349e+02
8.072326751957317583e+02
8.096321866733757133e+02
8.122116230059533564e+02
8.147364392932834107e+02
8.172548296929369371e+02
8.196985191483547624e+02
8.222426130987134911e+02
8.245979465985831212e+02
8.271034852228842738e+02
8.295752879368850472e+02
8.320069288529095957e+02
8.344546344881243840e+02
8.369593698764658711e+02
8.395476418045983564e+02
8.421383234406094971e+02
8.445434575699699735e+02
8.469526078791274131e+02
8.493673808400006919e+02
8.518207091269333660e+02
8.542001397055879579e+02
8.567892148696797676e+02
8.591381224818730971e+02
8.616460708140524503e+02
8.640006010779628696e+02
8.663776219487394883e+02
8.688470149548620611e+02
8.712874914664407697e+02
8.737801783153885253e+02
8.763106172544348738e+02
8.786836219454138472e+02
8.810815269511383576e+02
8.836457018004848578e+02
8.861472242449876831e+02
8.886559758131276112e+02
8.911438432463191930e+02
8.935650420948697956e+02
8.960721871910890286e+02
8.985214992982218973e+02
9.010254314506042874e+02
9.036458328171181620e+02
9.060244601598132022e+02
9.085091146491669178e+02
9.109214779021624508e+02
9.132880567054643279e+02
9.157478108800730752e+02
9.181143896833760891e+02
9.205773568018221340e+02
9.230692404148110199e+02
9.256157440730495409e+02
9.280803176634144620e+02
9.305537268493336569e+02
9.330568557657569499e+02
9.355093808167307543e+02
9.378550754850872408e+02
9.403357137946455850e+02
9.428814142169210299e+02
9.452383541887085130e+02
9.478121678695717947e+02
9.502815608756928896e+02
9.527774606684805576e+02
9.553295869784357137e+02
9.578568129736456740e+02
9.603326318674426147e+02
9.627642727834654579e+02
9.652079622388852158e+02
9.676588808179376429e+02
9.701427320713339668e+02
9.725125238184755290e+02
9.749497873862188726e+02
9.773605441672966663e+02
9.799190963649248260e+02
9.822752331007517341e+02
9.847534617024299450e+02
9.872108061691602643e+02
9.896295953098351674e+02
9.920748912371714141e+02
9.945450874792561535e+02
9.969277310017494074e+02
9.994172049068581600e+02
1.001919530587320992e+03
1.004489328088385719e+03
1.006970769633902933e+03
1.009520486235978296e+03
1.011873410027969953e+03
1.014336377146416794e+03
1.016822638107688476e+03
1.019262311383310134e+03
1.021728491445593249e+03
1.024291059823022124e+03
1.026779730492175759e+03
1.029245107318500459e+03
1.031673535290688051e+03
1.034037704386111955e+03
1.036538423594654432e+03
1.039126695522788168e+03
1.041752719541017541e+03
1.044351433536624882e+03
1.046941311936677948e+03
1.049287006605034321e+03
1.051810216420447205e+03
1.054184024347385503e+03
1.056718479466229383e+03
1.059240886045678963e+03
1.061797028535432219e+03
1.064319435114885891e+03
1.066771960165856399e+03
1.069165045755825531e+03
1.071602309323568306e+03
1.074017082284442040e+03
1.076578847425909089e+03
1.079118925196471537e+03
1.081617234697135927e+03
1.084114740961844973e+03
1.086625099001905255e+03
1.089193290031048264e+03
1.091686780115958527e+03
1.094106372492592072e+03
1.096659302038505075e+03
1.099104597965839957e+03
1.101606120410344829e+03
1.104205637641909789e+03
1.106651736805206838e+03
1.109122736283249878e+03
1.111590522817453120e+03
1.113963527508432662e+03
1.116530112065660433e+03
1.119009143903299901e+03
1.121440784819324108e+03
1.123891703398377331e+03
1.126328966966119197e+03
1.128697955477299047e+03
1.131207510281398072e+03
1.133549992005916920e+03
1.136045891798704815e+03
1.138486368310283069e+03
1.141069820822659722e+03
1.143454874053032881e+03
1.146014229486623663e+03
1.148547881369508332e+03
1.150985144937250425e+03
1.153561368325991225e+03
1.155988189826258576e+03
1.158529070832779780e+03
1.160941434085778155e+03
1.163476692440582383e+03
1.165949298390541117e+03
1.168575322408773218e+03
1.171034273347422641e+03
1.173510895477183340e+03
1.176019647045322245e+03
1.178570166883356023e+03
1.181053214900791545e+03
1.183604537974786126e+03
1.186185580779281509e+03
1.188609189335712927e+03
1.190974964903058890e+03
1.193527091213013364e+03
1.195912144443383113e+03
1.198416076595766526e+03
1.201033265018442080e+03
1.203509083912242659e+03
1.206075668469467246e+03
1.208571568262253322e+03
1.211025699785146116e+03
1.213605939353682743e+03
1.216044006157383365e+03
1.218646736332789260e+03
1.221172355856080685e+03
1.223648174749878535e+03
1.226119174227920894e+03
1.228669694065957628e+03
1.231161577678948333e+03
1.233605267134366386e+03
1.236101166927152462e+03
1.238548069326406448e+03
1.241062443546263921e+03
1.243479626215016879e+03
1.246011671625982217e+03
1.248464999912915800e+03
1.251003471211558917e+03
1.253431899183743326e+03
1.255914947201178620e+03
1.258387553151140082e+03
1.260886665887767094e+03
1.263347223298336530e+03
1.265834287495567423e+03
1.268214521310181453e+03
1.270646162226206343e+03
1.273133226423439055e+03
1.275699007744703295e+03
1.278084864211035892e+03
1.280624941981598340e+03
1.283016421099646550e+03
1.285581399184951124e+03
1.288039546887640881e+03
1.290651915894561625e+03
1.293144602743510859e+03
1.295720022896292903e+03
1.298117124666058089e+03
1.300642744189346558e+03
1.303092859532438752e+03
1.305756635640768081e+03
1.308273419568502504e+03
1.310756467585935297e+03
1.313290119468820649e+03
1.315814935756152408e+03
1.318310835548938257e+03
1.320800309454047692e+03
1.323401433157533575e+03
1.325918217085269816e+03
1.328503276069566482e+03
1.331007208221947849e+03
1.333548892464426444e+03
1.336025514594183733e+03
1.338657964500092476e+03
1.341126554270256520e+03
1.343523656040020114e+03
1.346063733810581653e+03
1.348541962412261228e+03
1.351022600721815024e+03
1.353517697278640981e+03
1.356098740083135453e+03
1.358650063157131626e+03
1.361211828298602086e+03
1.363700498967754356e+03
1.366157040198525237e+03
1.368692298553328328e+03
1.371119120053595452e+03
1.373636707217289540e+03
1.376205701482394943e+03
1.378659029769326708e+03
1.381250514641295695e+03
1.383923929581140328e+03
1.386370831980396133e+03
1.388920548582469337e+03
1.391443758397878810e+03
1.393909135224202373e+03
1.396477326253348338e+03
1.399104956743498633e+03
1.401587201524974262e+03
1.404175473453105951e+03
1.406651292346903347e+03
1.409200205713020068e+03
1.411721809056513166e+03
1.414289196849697191e+03
1.416828471384297018e+03
1.419371762098698127e+03
1.421940756363803757e+03
1.424407739662045515e+03
1.426987175994621566e+03
1.429401145719537453e+03
1.431962107625047793e+03
1.434572870160049433e+03
1.437073589368593730e+03
1.439509246464415128e+03
1.442169006392944993e+03
1.444762097736834903e+03
1.447270046069015507e+03
1.449720964648068730e+03
1.452295581564887243e+03
1.454894295560494811e+03
1.457366901510457410e+03
1.460028267910907061e+03
1.462583607164696787e+03
1.465081916665360950e+03
1.467597897357137526e+03
1.470260870229507191e+03
1.472702149977046702e+03
1.475241424511649029e+03
1.477779092574330889e+03
1.480312744457214876e+03
1.482994994992613101e+03
1.485622625482763851e+03
1.488127360871104656e+03
1.490709206911559022e+03
1.493117553984758842e+03
1.495687351485824593e+03
1.498202528941640367e+03
1.500697625498465413e+03
1.503201557650846098e+03
1.505775371331709039e+03
1.508243157865914554e+03
1.510837052445765494e+03
1.513406849946829425e+03
1.515884275312545697e+03
1.518498250791382134e+03
1.521122668337694222e+03
1.523606519591089182e+03
1.526113664687309893e+03
1.528675429828776259e+03
1.531025140676928459e+03
1.533473649548104731e+03
1.536061118240277438e+03
1.538617260730027738e+03
1.541196697062604244e+03
1.543801836945888226e+03
1.546402960649375018e+03
1.548901270150040091e+03
1.551471870887061414e+03
1.554082633422058962e+03
1.556547207012424678e+03
1.559164395435102506e+03
1.561690818194352232e+03
1.564267844819049742e+03
1.566831216432436804e+03
1.569305428854317370e+03
1.571849522804676781e+03
1.574339799945745654e+03
1.576877468008427059e+03
1.579372564565256880e+03
1.582010637122882144e+03
1.584539469590009958e+03
1.587129347990060751e+03
1.589675851648297339e+03
1.592309104790164611e+03
1.594852395504565266e+03
1.597287249364426998e+03
1.599857046865488655e+03
1.602458170568975902e+03
1.604918727979543519e+03
1.607455592806264349e+03
1.610200495746503975e+03
1.612644185201923165e+03
1.615217195646827349e+03
1.617865710271923717e+03
1.620502979593585906e+03
1.623073580330607228e+03
1.625661852258741192e+03
1.628231649759804668e+03
1.630733172204306584e+03
1.633304576177289846e+03
1.635892044869465053e+03
1.638351799044072095e+03
1.640934448320485672e+03
1.643452035484181124e+03
1.645968016175957018e+03
1.648511306890356764e+03
1.651232915987770639e+03
1.653842875286809658e+03
1.656424721327265388e+03
1.658968012041665588e+03
1.661608494307166893e+03
1.664304399853874884e+03
1.667022796007452143e+03
1.669464075754992109e+03
1.672134277750994897e+03
1.674775563252454276e+03
1.677489943226234800e+03
1.680099902525277685e+03
1.682704239172602684e+03
1.685363195865174021e+03
1.687858292422000204e+03
1.690677093070516776e+03
1.693217170841076722e+03
1.695840785151428463e+03
1.698404156764816889e+03
1.700941824827499431e+03
1.703556603542295989e+03
1.706189856684160077e+03
1.708807045106834266e+03
1.711142297707716352e+03
1.713313690172855559e+03
1.715366203715983602e+03
1.717258070067205836e+03
1.719099332552977103e+03
1.720869910274310541e+03
1.722573819411001978e+03
1.724199011423661432e+03
1.725726026337303438e+03
