7.916269960533843175e+01
7.860785875295586322e+01
7.837992261933108296e+01
7.817936564908552555e+01
7.799320989874756549e+01
7.781815514165772640e+01
7.765001542148466740e+01
7.748661224820808968e+01
7.732733260402604003e+01
7.717188372373321670e+01
7.702022461311584323e+01
7.687211807348903392e+01
7.672665917247863376e+01
7.658332817535440995e+01
7.644227647277412530e+01
7.630331853059259117e+01
7.616618741354358235e+01
7.603079103729288590e+01
7.589735579078524097e+01
7.576598908503488872e+01
7.563641777132215793e+01
7.550828060381670070e+01
7.538155881962892124e+01
7.525645169305316529e+01
7.513251955177626940e+01
7.500977618572464678e+01
7.488841040694359208e+01
7.476838842912364669e+01
7.464982334162272082e+01
7.453241537062332611e+01
7.441623387775541687e+01
7.430127367496118040e+01
7.418721703961260516e+01
7.407408106188665897e+01
7.396182991918982452e+01
7.385044209214137823e+01
7.373989993482018690e+01
7.363021705440037579e+01
7.352134859481753892e+01
7.341347105966160314e+01
7.330639490887169529e+01
7.320004765277838032e+01
7.309438763070187406e+01
7.298945905860834671e+01
7.288529862050361885e+01
7.278178510319092709e+01
7.267914631094194533e+01
7.257720533398483553e+01
7.247600931146962466e+01
7.237545942127006526e+01
7.227552556516479854e+01
7.217614093919065965e+01
7.207740049132978299e+01
7.197927054605598585e+01
7.188169902060397476e+01
7.178471254298693793e+01
7.168829844798298723e+01
7.159243240878871006e+01
7.149711924699911947e+01
7.140233808246306069e+01
7.130813941876446904e+01
7.121449339618463625e+01
7.112140763697244950e+01
7.102883770665420116e+01
7.093681090837398528e+01
7.084530531971567768e+01
7.075433948975670262e+01
7.066383728343210180e+01
7.057378631623321041e+01
7.048421103347486394e+01
7.039513503630176672e+01
7.030656009805217366e+01
7.021846656158081146e+01
7.013082922607209468e+01
7.004365402355463743e+01
6.995694801185156564e+01
6.987066954417578302e+01
6.978484560756965038e+01
6.969942331645745526e+01
6.961441168684950753e+01
6.952982570377179172e+01
6.944563203581104460e+01
6.936182655285705323e+01
6.927840025128914192e+01
6.919538964542567783e+01
6.911272474269708255e+01
6.903047627958083865e+01
6.894863676105867967e+01
6.886722459179088673e+01
6.878617807834137921e+01
6.870548153546415904e+01
6.862505129729875364e+01
6.854498886480683950e+01
6.846529031268852350e+01
6.838593751655787401e+01
6.830695878036388535e+01
6.822824754332934560e+01
6.814992504739399237e+01
6.807192820998294280e+01
6.799420605239518522e+01
6.791680567330553231e+01
6.783970020969283610e+01
6.776292610855966814e+01
6.768648017860996902e+01
6.761040986602942837e+01
6.753467409574082581e+01
6.745927596420406758e+01
6.738418937907340478e+01
6.730944729225055312e+01
6.723500711415756825e+01
6.716087186307359502e+01
6.708698208624720394e+01
6.701334849232056001e+01
6.693997267777879756e+01
6.686689073339712763e+01
6.679410458478366763e+01
6.672165128333567452e+01
6.664953749670326033e+01
6.657767735741325055e+01
6.650613902875565486e+01
6.643490904077408743e+01
6.636388860815974056e+01
6.629311886193087844e+01
6.622261966485739038e+01
6.615241032969704804e+01
6.608246276217589354e+01
6.601276503012769581e+01
6.594331862968816438e+01
6.587412222121231764e+01
6.580517670488151794e+01
6.573647324993800112e+01
6.566802628092605687e+01
6.559981267807479810e+01
6.553183149661833795e+01
6.546408293673279388e+01
6.539658065317269120e+01
6.532933181904402886e+01
6.526230620779482194e+01
6.519549453589164045e+01
6.512891606454583382e+01
6.506262127101666692e+01
6.499657640002175185e+01
6.493078004327774977e+01
6.486522086411646626e+01
6.479989223042349522e+01
6.473476006442714947e+01
6.466984102830501513e+01
6.460511082693901130e+01
6.454057938113659532e+01
6.447628216730321071e+01
6.441218386405321894e+01
6.434829236695026111e+01
6.428466354157691853e+01
6.422125008725899420e+01
6.415808850516120287e+01
6.409514768925137673e+01
6.403241703644319216e+01
6.396989035418952341e+01
6.390756960258397612e+01
6.384543279114748060e+01
6.378349187630784201e+01
6.372176223007048179e+01
6.366025945109279860e+01
6.359898107024203995e+01
6.353787243307152011e+01
6.347695770511322877e+01
6.341624341729455239e+01
6.335571483109342239e+01
6.329539418014348939e+01
6.323528579662033167e+01
6.317538079927638961e+01
6.311566240420562934e+01
6.305614741939430701e+01
6.299683955685600978e+01
6.293773233139557988e+01
6.287882445549159627e+01
6.282010879424120731e+01
6.276156205532046783e+01
6.270323029240086754e+01
6.264509187582032013e+01
6.258715300628114875e+01
6.252940350316880824e+01
6.247183685267926023e+01
6.241444299068028556e+01
6.235721792175692002e+01
6.230024373472453192e+01
6.224346706393016149e+01
6.218686252263407255e+01
6.213041322505558384e+01
6.207413349314450102e+01
6.201802397287780622e+01
6.196210295791758682e+01
6.190635130463131475e+01
6.185078289947720975e+01
6.179538379893276812e+01
6.174013572971774977e+01
6.168506688841231522e+01
6.163019202152657527e+01
6.157551205354319279e+01
6.152099854331299866e+01
6.146663436607342845e+01
6.141243208647410512e+01
6.135840276566464979e+01
6.130451928721366528e+01
6.125080550969721571e+01
6.119724773589530997e+01
6.114382264330826899e+01
6.109053265520750386e+01
6.103739649798695410e+01
6.098438488992044171e+01
6.093153480659694310e+01
6.087882271010908397e+01
6.082628022891010744e+01
6.077390280764935682e+01
6.072167174267141121e+01
6.066959146854903651e+01
6.061768237741092236e+01
6.056592899989946233e+01
6.051433618465234332e+01
6.046289399930601860e+01
6.041160183789624938e+01
6.036044651847668518e+01
6.030940997858500907e+01
6.025851523171657220e+01
6.020776981001146311e+01
6.015715774703391361e+01
6.010668976218452997e+01
6.005636892265435023e+01
6.000620844857383673e+01
5.995619991411540184e+01
5.990632992868432893e+01
5.985659200181214601e+01
5.980699783274576475e+01
5.975754125932702010e+01
5.970824820594253168e+01
5.965909459308355878e+01
5.961008145340480979e+01
5.956119783081599905e+01
5.951243344830577797e+01
5.946379599819990602e+01
5.941531377161266647e+01
5.936697179940011893e+01
5.931876282885219354e+01
5.927066837387065590e+01
5.922271119111735516e+01
5.917487411836849276e+01
5.912718359158754566e+01
5.907962090890840301e+01
5.903220145987113199e+01
5.898489174030243731e+01
5.893770144197457483e+01
5.889063369237803158e+01
5.884369007893094050e+01
5.879688268614133762e+01
5.875020642709801422e+01
5.870365891731218255e+01
5.865724263650042047e+01
5.861094929554933231e+01
5.856480331862920963e+01
5.851877803050456350e+01
5.847285298668681719e+01
5.842703383286703200e+01
5.838134046833090451e+01
5.833577748721441480e+01
5.829033089498877018e+01
5.824501439561905869e+01
5.819981650156930186e+01
5.815472821645096957e+01
5.810977950842627138e+01
5.806496758550548520e+01
5.802027883078304882e+01
5.797571106694625342e+01
5.793130188333490338e+01
5.788701439757968359e+01
5.784287233568495878e+01
5.779886748376539174e+01
5.775499200987499648e+01
5.771123130770559584e+01
5.766760976097578606e+01
5.762411266539663046e+01
5.758072188257205681e+01
5.753745196922714200e+01
5.749429420119438561e+01
5.745124482747536376e+01
5.740830163654383256e+01
5.736548913354930335e+01
5.732279656147954938e+01
5.728021538048319172e+01
5.723776871416801271e+01
5.719544231609869200e+01
5.715323514484504841e+01
5.711114588946811210e+01
5.706916899783013974e+01
5.702730330519202795e+01
5.698555488820230153e+01
5.694392640466221422e+01
5.690241897239873481e+01
5.686102401758214597e+01
5.681973265508092652e+01
5.677854277549856477e+01
5.673745608464605539e+01
5.669645869721887266e+01
5.665556897590191454e+01
5.661479013207837596e+01
5.657412859589163645e+01
5.653359017210730997e+01
5.649316340578786821e+01
5.645284376830534967e+01
5.641265585026302887e+01
5.637258507888741832e+01
5.633262371517244560e+01
5.629278778836586383e+01
5.625307358698731264e+01
5.621347686936193355e+01
5.617398431017112159e+01
5.613462100548932199e+01
5.609534927669514559e+01
5.605616755608424029e+01
5.601707084065728282e+01
5.597807375516109119e+01
5.593918200797006079e+01
5.590040378134790444e+01
5.586175822994796647e+01
5.582322607615591892e+01
5.578481265740396111e+01
5.574649090921906947e+01
5.570828579767890432e+01
5.567019806465746257e+01
5.563220966550158408e+01
5.559431957364371613e+01
5.555653580967899074e+01
5.551885050003709665e+01
5.548128016073034274e+01
5.544383107975912139e+01
5.540648389455301270e+01
5.536924447859400544e+01
5.533213088752906117e+01
5.529511031751572148e+01
5.525818206555295120e+01
5.522135982197833215e+01
5.518465283226101548e+01
5.514804353733338615e+01
5.511154046971062570e+01
5.507514294437214630e+01
5.503884811993607684e+01
5.500266683183985350e+01
5.496660097252703281e+01
5.493063985741847688e+01
5.489476582998486975e+01
5.485898676964009724e+01
5.482330569974195100e+01
5.478771726150102239e+01
5.475221645302973172e+01
5.471680655304424334e+01
5.468151103609977781e+01
5.464632147399392892e+01
5.461124382636399588e+01
5.457626139235706120e+01
5.454136605477277300e+01
5.450657177545244281e+01
5.447187566832550232e+01
5.443728926610645402e+01
5.440280935230916270e+01
5.436842193164569892e+01
5.433413215001694141e+01
5.429993812664806541e+01
5.426583686892047353e+01
5.423183390366072132e+01
5.419793488040053830e+01
5.416411805007367519e+01
5.413040567403653824e+01
5.409679787704673259e+01
5.406328490861804426e+01
5.402985962680683940e+01
5.399651739468733780e+01
5.396326865064850153e+01
5.393012307796664828e+01
5.389708044515429464e+01
5.386412572413013322e+01
5.383125661437278353e+01
5.379847789571012839e+01
5.376579850143563988e+01
5.373320966552789457e+01
5.370070496236343871e+01
5.366829081158465442e+01
5.363598574151410503e+01
5.360376320953444917e+01
5.357162348266385266e+01
5.353957265512872254e+01
5.350761724987920331e+01
5.347575881067110970e+01
5.344399668418527938e+01
5.341232024021604019e+01
5.338073682625385175e+01
5.334922658506699378e+01
5.331780860663319999e+01
5.328648071928624574e+01
5.325524507485972237e+01
5.322409093079819087e+01
5.319303210184705222e+01
5.316204795956512896e+01
5.313115127033540119e+01
5.310034361101096323e+01
5.306962053287419678e+01
5.303898296517999000e+01
5.300843135220467417e+01
5.297797506297867187e+01
5.294760587672277552e+01
5.291732573165825215e+01
5.288715454798359161e+01
5.285707519105441321e+01
5.282708441424905033e+01
5.279718837884571059e+01
5.276738866558381602e+01
5.273768213104959557e+01
5.270806610295148431e+01
5.267855592892887273e+01
5.264912416021049779e+01
5.261977158451369263e+01
5.259050834024352383e+01
5.256133610870495687e+01
5.253225436378389190e+01
5.250326254334400744e+01
5.247436141073404769e+01
5.244554493277146889e+01
5.241681859683564682e+01
5.238818441138037940e+01
5.235964001821481872e+01
5.233119513227024555e+01
5.230284036812565773e+01
5.227459026081406535e+01
5.224642751557502152e+01
5.221834687739509917e+01
5.219035982809671026e+01
5.216245942664837543e+01
5.213464442990866843e+01
5.210691474386115374e+01
5.207926810717923871e+01
5.205169770148607000e+01
5.202422631370432526e+01
5.199683521847733658e+01
5.196954692741346804e+01
5.194234224283465551e+01
5.191521951523444045e+01
5.188817351663153232e+01
5.186120750617045871e+01
5.183434465622465126e+01
5.180756979372809923e+01
5.178088185286894429e+01
5.175427791437422798e+01
5.172775362800423693e+01
5.170131210848037995e+01
5.167494888098224237e+01
5.164866295007936259e+01
5.162246666972915676e+01
5.159637282413467574e+01
5.157036098388124401e+01
5.154442779392002194e+01
5.151856674433089722e+01
5.149279874016584557e+01
5.146711468792961597e+01
5.144151427165819968e+01
5.141598913419956318e+01
5.139056878495035363e+01
5.136523280404583147e+01
5.133997184392036672e+01
5.131478978349418441e+01
5.128970548837023813e+01
5.126472451640893979e+01
5.123982571742632786e+01
5.121501431282697325e+01
5.119027265168771379e+01
5.116561527070403059e+01
5.114103510221458038e+01
5.111654249852733045e+01
5.109213216347925623e+01
5.106779591098293736e+01
5.104355414426534310e+01
5.101938446518419568e+01
5.099530247653942183e+01
5.097129976286414177e+01
5.094737988936263662e+01
5.092354603688772130e+01
5.089979544087794494e+01
5.087612010086616721e+01
5.085252833605901657e+01
5.082901450855049319e+01
5.080558603816125895e+01
5.078225065010008166e+01
5.075900161938586308e+01
5.073582496166289246e+01
5.071272425678211704e+01
5.068970423291499827e+01
5.066676801861240875e+01
5.064393591106468762e+01
5.062118299982690672e+01
5.059852982725958981e+01
5.057596956251224185e+01
5.055348274537686848e+01
5.053109200892429698e+01
5.050880788572413138e+01
5.048661140019180493e+01
5.046448925479210601e+01
5.044244796865594083e+01
5.042049199943929239e+01
5.039861846137826262e+01
5.037682069883003777e+01
5.035509908510095300e+01
5.033346443816479621e+01
5.031190215979527380e+01
5.029041212492037971e+01
5.026900153962228046e+01
5.024766963778848350e+01
5.022642495519977501e+01
5.020525312622137193e+01
5.018414781643419076e+01
5.016311837975207766e+01
5.014215891918717460e+01
5.012127522451119432e+01
5.010047758852596900e+01
5.007975314579653769e+01
5.005909524860894066e+01
5.003851432478076333e+01
5.001802213355962579e+01
4.999759920016502690e+01
4.997725904991645507e+01
4.995701567478158722e+01
4.993685600397100188e+01
4.991677295927490121e+01
4.989676380371615494e+01
4.987682371664415371e+01
4.985696644574497327e+01
4.983718457693282033e+01
4.981748637566676052e+01
4.979786753402218835e+01
4.977833025773455944e+01
4.975888588985921501e+01
4.973952474734644369e+01
4.972024491725705531e+01
4.970106264652535089e+01
4.968196872370946693e+01
4.966296846936369036e+01
4.964406236968435593e+01
4.962525130581863664e+01
4.960651379593730326e+01
4.958786238977064187e+01
4.956928175667401604e+01
4.955077030132471805e+01
4.953233642346989285e+01
4.951396775975356945e+01
4.949566353220129855e+01
4.947742812929547540e+01
4.945928059224127793e+01
4.944122773089161882e+01
4.942324999326497448e+01
4.940535267095342675e+01
4.938752252106117169e+01
4.936975506196370134e+01
4.935206182344448678e+01
4.933445839422258672e+01
4.931693394910036687e+01
4.929948189147024351e+01
4.928211285186634427e+01
4.926482956091887644e+01
4.924762312074327752e+01
4.923048734409263005e+01
4.921344360594757461e+01
4.919648633649078562e+01
4.917960601348192995e+01
4.916281086960772484e+01
4.914609687510201042e+01
4.912946552943022027e+01
4.911290989251825323e+01
4.909642956873101127e+01
4.908003039996845018e+01
4.906369538740466396e+01
4.904743037138886308e+01
4.903124358904106117e+01
4.901514594240834555e+01
4.899911485702673275e+01
4.898318035556562222e+01
4.896733374426966634e+01
4.895155769110868249e+01
4.893586696544989678e+01
4.892026365584259651e+01
4.890472478075192697e+01
4.888926619592668033e+01
4.887388095319574433e+01
4.885858964226287782e+01
4.884338624997357670e+01
4.882825965082372477e+01
4.881322785291295219e+01
4.879829624781872610e+01
4.878343836367282194e+01
4.876865996934029113e+01
4.875396892245520064e+01
4.873936904868792652e+01
4.872486483959968950e+01
4.871043623670960443e+01
4.869609815419380539e+01
4.868184761077427680e+01
4.866768278911295198e+01
4.865358378303806575e+01
4.863956634506767074e+01
4.862564735939509575e+01
4.861181544171262914e+01
4.859806211806007070e+01
4.858439682227639622e+01
4.857081999884724866e+01
4.855733033826378175e+01
4.854394331829617215e+01
4.853065255705213588e+01
4.851744797044889879e+01
4.850432439180202948e+01
4.849128700932585190e+01
4.847833420856743913e+01
4.846548363791468006e+01
4.845271840431223609e+01
4.844003174468267048e+01
4.842744029622266311e+01
4.841492631814107739e+01
4.840249485297832877e+01
4.839014457366955924e+01
4.837786952741495838e+01
4.836568446476520933e+01
4.835360600743203463e+01
4.834163063037942720e+01
4.832976269889656606e+01
4.831799867193302589e+01
4.830634143275722181e+01
4.829479329600504656e+01
4.828335753727265711e+01
4.827201887843007455e+01
4.826077993764873497e+01
4.824964486419771248e+01
4.823860314940278471e+01
4.822766533849498671e+01
4.821682657082739354e+01
4.820610155959145260e+01
4.819548476722426500e+01
4.818498811145462923e+01
4.817458816746211170e+01
4.816428173086600140e+01
4.815406745813902489e+01
4.814395692388127657e+01
4.813396105234603084e+01
4.812408598040352103e+01
4.811432799952369521e+01
4.810467194998955165e+01
4.809513120791215357e+01
4.808569466899373168e+01
4.807639615443182635e+01
4.806720722078699737e+01
4.805812436955669398e+01
4.804915057371776754e+01
4.804027146756454414e+01
4.803149424328731243e+01
4.802285751623298893e+01
4.801435598655515236e+01
4.800596043172429006e+01
4.799772371981406849e+01
4.798960239554450879e+01
4.798162206784736838e+01
4.797376548524765383e+01
4.796604963306924674e+01
4.795847716559381269e+01
4.795101864865669938e+01
4.794367888284839552e+01
4.793649223472481680e+01
4.792943023433583960e+01
4.792249826568635029e+01
4.791570192763172287e+01
4.790905514950249255e+01
4.790256866202899033e+01
4.789622989564201561e+01
4.789006469447767955e+01
4.788408999832473256e+01
4.787825638468558509e+01
4.787261104710265869e+01
4.786713484686826803e+01
4.786183940431752859e+01
4.785677871810480610e+01
4.785189566953415863e+01
4.784719671194790180e+01
4.784269640532463086e+01
4.783843299420496464e+01
4.783439536144157955e+01
4.783060843772062753e+01
4.782707796255240851e+01
4.782392103854265741e+01
4.782112960376517208e+01
4.781872541491497230e+01
4.781675194336587964e+01
4.781526776041703641e+01
4.781416258510165562e+01
4.781324848977465791e+01
4.781243785774501021e+01
4.781170176696055307e+01
4.781105740086156430e+01
4.781048980833516993e+01
4.780998908635849176e+01
