7.920314491378140076e+01
7.889993295188608613e+01
7.863873267337380923e+01
7.839373805745179880e+01
7.816050421178900365e+01
7.793672375748725756e+01
7.772067229604441252e+01
7.751065597113593242e+01
7.730613839551659794e+01
7.710671886699017819e+01
7.691139450393211519e+01
7.671967722159878633e+01
7.653145746718439568e+01
7.634621855749520591e+01
7.616409102958805022e+01
7.598496349691600926e+01
7.580850029226840547e+01
7.563459966694270520e+01
7.546299359802517870e+01
7.529364138219541758e+01
7.512640107792904587e+01
7.496133444916566191e+01
7.479836190151219455e+01
7.463739915808608316e+01
7.447835974768030098e+01
7.432099019374339832e+01
7.416539999903363878e+01
7.401139906396564072e+01
7.385896161386072833e+01
7.370811192834264602e+01
7.355872384414946907e+01
7.341081637345908462e+01
7.326427901542017196e+01
7.311920552052075095e+01
7.297541830675392305e+01
7.283293944731670422e+01
7.269172472430352627e+01
7.255179837355055383e+01
7.241318576444201938e+01
7.227575604655945085e+01
7.213948781904548468e+01
7.200438323252944883e+01
7.187034900123889258e+01
7.173733364268548485e+01
7.160537392762195452e+01
7.147446826300996747e+01
7.134451886765134532e+01
7.121548829921788126e+01
7.108733913544830330e+01
7.096002192142123022e+01
7.083365728376355719e+01
7.070819535983183357e+01
7.058365069513209278e+01
7.046001068441958637e+01
7.033724027768467124e+01
7.021529379084721256e+01
7.009415995780007336e+01
6.997388761979932781e+01
6.985450981859207786e+01
6.973585327056611050e+01
6.961787608823148332e+01
6.950065473800944460e+01
6.938411776599322422e+01
6.926831183322828167e+01
6.915326601399540607e+01
6.903890499052009488e+01
6.892523705372981624e+01
6.881226292738165284e+01
6.869996591458989599e+01
6.858831692866986884e+01
6.847732789264590281e+01
6.836700783498565670e+01
6.825735425796615630e+01
6.814833808540527116e+01
6.803990240366742626e+01
6.793212745791821305e+01
6.782497171379114320e+01
6.771838841193947189e+01
6.761240371575296138e+01
6.750699434221888851e+01
6.740212368624577266e+01
6.729783395738674301e+01
6.719413530845105242e+01
6.709095760327423363e+01
6.698831640244712560e+01
6.688621839072619935e+01
6.678467803573170158e+01
6.668370156239197399e+01
6.658325860178059941e+01
6.648333983533349567e+01
6.638390791207659447e+01
6.628503296173087733e+01
6.618665349558632727e+01
6.608872259336135357e+01
6.599125777687727634e+01
6.589428275672185009e+01
6.579781264405747265e+01
6.570180506371980300e+01
6.560625563900839552e+01
6.551117464120021339e+01
6.541656845271664622e+01
6.532240740171728532e+01
6.522868772818402761e+01
6.513544972300860536e+01
6.504266784651493083e+01
6.495029067089087960e+01
6.485834112009295893e+01
6.476681521445794942e+01
6.467571675034695033e+01
6.458502635056416352e+01
6.449477564275581187e+01
6.440496941544090248e+01
6.431554580160266710e+01
6.422652437579898788e+01
6.413792556273321566e+01
6.404972686556109807e+01
6.396190264870428166e+01
6.387447046157429753e+01
6.378745227203206980e+01
6.370081758549857653e+01
6.361456486795142240e+01
6.352869762071992454e+01
6.344317894551262782e+01
6.335806003511594753e+01
6.327331517733819766e+01
6.318896743577372632e+01
6.310499338898812027e+01
6.302137133321531337e+01
6.293809204302611704e+01
6.285516454855702762e+01
6.277260548020386466e+01
6.269042467563491527e+01
6.260859624701792114e+01
6.252710916557040122e+01
6.244598904194753430e+01
6.236522173134288494e+01
6.228480480249933748e+01
6.220473024555619190e+01
6.212497715195507908e+01
6.204551902115979800e+01
6.196637362133916582e+01
6.188755806790116054e+01
6.180906178718603883e+01
6.173089306127268117e+01
6.165309749924256266e+01
6.157564104786963100e+01
6.149848915999505294e+01
6.142162468110278439e+01
6.134505663742516646e+01
6.126878554175107894e+01
6.119282650831698334e+01
6.111718621796092776e+01
6.104184772510942025e+01
6.096679431964479079e+01
6.089202343195068323e+01
6.081755334998146623e+01
6.074336284198139424e+01
6.066944521757024233e+01
6.059581934139362147e+01
6.052252486369886242e+01
6.044952380299936578e+01
6.037679088041321052e+01
6.030434461260401235e+01
6.023218054654505238e+01
6.016028241048758218e+01
6.008866992532978202e+01
6.001735348314419127e+01
5.994629595595047533e+01
5.987549720030840916e+01
5.980496591744512358e+01
5.973470208246824598e+01
5.966469270962202387e+01
5.959496884710501519e+01
5.952552252623468121e+01
5.945634299313669402e+01
5.938742593456250063e+01
5.931877740474131855e+01
5.925039047963024785e+01
5.918226874258014902e+01
5.911443597172507225e+01
5.904684757516054106e+01
5.897951305944708622e+01
5.891245100715359939e+01
5.884563926869265771e+01
5.877909973047184877e+01
5.871281951594671966e+01
5.864678123531345477e+01
5.858098642183146154e+01
5.851544007792603708e+01
5.845013974318345618e+01
5.838508674044062019e+01
5.832027733947970916e+01
5.825571164425019077e+01
5.819137554882059504e+01
5.812727129994509312e+01
5.806340589407573560e+01
5.799980029011015858e+01
5.793646283898606697e+01
5.787338519572320195e+01
5.781053350119614009e+01
5.774789549762081720e+01
5.768550183742526372e+01
5.762335730347829355e+01
5.756147042365290645e+01
5.749980286920260397e+01
5.743836161209493696e+01
5.737714343800940497e+01
5.731615213139517095e+01
5.725540450934176562e+01
5.719489604292161999e+01
5.713461930294162983e+01
5.707453801180538022e+01
5.701467674566460886e+01
5.695505310115739661e+01
5.689563532642816313e+01
5.683644956652375413e+01
5.677748136118317746e+01
5.671872082899699308e+01
5.666017981045461482e+01
5.660186295913080556e+01
5.654374995829848416e+01
5.648586316876698277e+01
5.642820236385415456e+01
5.637074528253756256e+01
5.631350735125933227e+01
5.625648427834480003e+01
5.619967497486040031e+01
5.614308012622257849e+01
5.608670052509969395e+01
5.603054161631889940e+01
5.597457638653645517e+01
5.591882247451004417e+01
5.586325966868720627e+01
5.580788434835753264e+01
5.575272084131324846e+01
5.569777784325290781e+01
5.564303818282212433e+01
5.558850103741396254e+01
5.553416788682440597e+01
5.548003477612306966e+01
5.542610215156713593e+01
5.537237946061016913e+01
5.531885634562763698e+01
5.526553647290746341e+01
5.521241309561409594e+01
5.515946236734060193e+01
5.510671045900031118e+01
5.505417418658310424e+01
5.500183753310202661e+01
5.494968689036296894e+01
5.489773644028412747e+01
5.484598170071664924e+01
5.479443159186181589e+01
5.474309961670602576e+01
5.469197162994469608e+01
5.464103890616064518e+01
5.459027869898156382e+01
5.453971118729129586e+01
5.448933431493731661e+01
5.443912608955509569e+01
5.438911048016399263e+01
5.433929970563349343e+01
5.428967841483103030e+01
5.424024572614434447e+01
5.419101391693416048e+01
5.414197008578931758e+01
5.409310236544470740e+01
5.404440417065496405e+01
5.399589755646811540e+01
5.394756632497617233e+01
5.389941553860799672e+01
5.385146110588786428e+01
5.380369809752416188e+01
5.375612070566173628e+01
5.370875126568383706e+01
5.366157224284885530e+01
5.361457281864445434e+01
5.356774541011391477e+01
5.352109203172829410e+01
5.347460419846967739e+01
5.342830847121146576e+01
5.338219524096919599e+01
5.333625164533182783e+01
5.329047656408660316e+01
5.324489714170830723e+01
5.319949652430189957e+01
5.315427865176192768e+01
5.310923135348814128e+01
5.306436486560936316e+01
5.301968389452969888e+01
5.297518563913924083e+01
5.293086391670937019e+01
5.288671718500888375e+01
5.284274584473086378e+01
5.279893460565914154e+01
5.275529741736293943e+01
5.271183055266826045e+01
5.266854067064416967e+01
5.262543118686586752e+01
5.258250496553917941e+01
5.253975454378389998e+01
5.249718400485181036e+01
5.245479067397091200e+01
5.241257177249357113e+01
5.237052265654337191e+01
5.232865426250280905e+01
5.228696172913269891e+01
5.224544775742502623e+01
5.220409197768118048e+01
5.216290903531854184e+01
5.212189963864109643e+01
5.208105622620826836e+01
5.204037686438667976e+01
5.199985874089666993e+01
5.195950409128010250e+01
5.191932293378278018e+01
5.187930952533333340e+01
5.183946993558066652e+01
5.179980466370557934e+01
5.176031144848160181e+01
5.172098760761041092e+01
5.168182502239929477e+01
5.164284123652585379e+01
5.160400904514026621e+01
5.156533764641725526e+01
5.152683128277448787e+01
5.148849899387602136e+01
5.145033664031521425e+01
5.141234232874101906e+01
5.137451167473576419e+01
5.133685113043619452e+01
5.129936437790187398e+01
5.126205312122571200e+01
5.122489812036528178e+01
5.118790905206005704e+01
5.115108159868203330e+01
5.111443759842337897e+01
5.107795667836200693e+01
5.104164509726338395e+01
5.100550658602386989e+01
5.096953215732811060e+01
5.093374892231158668e+01
5.089812581432974525e+01
5.086265186281799089e+01
5.082733069803384041e+01
5.079216541594315970e+01
5.075714867546079034e+01
5.072229509923181467e+01
5.068760343303276272e+01
5.065307683988099541e+01
5.061871113457539906e+01
5.058450696462292484e+01
5.055048070471749355e+01
5.051662307625387882e+01
5.048292078230892344e+01
5.044937664272080724e+01
5.041597574805637549e+01
5.038271860511883204e+01
5.034961709902574256e+01
5.031666283585193611e+01
5.028386271142971253e+01
5.025122817176193735e+01
5.021876415853834885e+01
5.018645424352165207e+01
5.015430042658898913e+01
5.012230532937810779e+01
5.009047023622418493e+01
5.005879375407852905e+01
5.002726237571141610e+01
4.999589253553150314e+01
4.996467213612239533e+01
4.993359904684029971e+01
4.990267838932984290e+01
4.987192304971504342e+01
4.984133421668992980e+01
4.981090344557281213e+01
4.978063226505707917e+01
4.975051794710608988e+01
4.972057679656585805e+01
4.969079046293009583e+01
4.966115252367292499e+01
4.963166807915331447e+01
4.960234260129019646e+01
4.957318136414469478e+01
4.954417020664231330e+01
4.951530807063347339e+01
4.948659952312788590e+01
4.945803815469672315e+01
4.942963110166415674e+01
4.940136953161420053e+01
4.937325840989834091e+01
4.934532673543179015e+01
4.931754711792701329e+01
4.928993307976283234e+01
4.926246788134560006e+01
4.923515641189693071e+01
4.920799620350007331e+01
4.918099450994392896e+01
4.915414286567101954e+01
4.912742161398637819e+01
4.910084769952813843e+01
4.907443149511536973e+01
4.904817037836463101e+01
4.902206507537577096e+01
4.899611554062538943e+01
4.897031627378040497e+01
4.894468650098970386e+01
4.891921792509271683e+01
4.889390328589936985e+01
4.886874669966286433e+01
4.884376326105651600e+01
4.881895483055303941e+01
4.879429768991086291e+01
4.876979753765789383e+01
4.874545685450299004e+01
4.872126991036395083e+01
4.869723808156697231e+01
4.867337440915158453e+01
4.864966721604104549e+01
4.862611348581645387e+01
4.860270519985066784e+01
4.857946019590074371e+01
4.855637130327480833e+01
4.853343818631323359e+01
4.851065093636774606e+01
4.848801607280233128e+01
4.846555317482692971e+01
4.844325814625107540e+01
4.842111737575139330e+01
4.839913133046064786e+01
4.837732253208992717e+01
4.835566524449350112e+01
4.833416522895065981e+01
4.831283625774332080e+01
4.829166984712976074e+01
4.827067109285774649e+01
4.824984139456521604e+01
4.822916702187579574e+01
4.820864228131131313e+01
4.818828178808031737e+01
4.816810496592741231e+01
4.814809937675890694e+01
4.812825554697915464e+01
4.810859794988837734e+01
4.808911471247633784e+01
4.806982406620821990e+01
4.805068747044566635e+01
4.803173596073150264e+01
4.801296774487491348e+01
4.799436921005541024e+01
4.797592521220692419e+01
4.795765423757758583e+01
4.793955003204421672e+01
4.792160547420486694e+01
4.790384313982841036e+01
4.788626472274699353e+01
4.786886181304610943e+01
4.785163213422406159e+01
4.783457403881482861e+01
4.781769042727519547e+01
4.780102079002191573e+01
4.778455395464091282e+01
4.776827337910132343e+01
4.775218485763715393e+01
4.773627729864186620e+01
4.772055871656431236e+01
4.770503721444033118e+01
4.768971196006228297e+01
4.767459287150773406e+01
4.765968334056262989e+01
4.764499766147544335e+01
4.763053017444871529e+01
4.761627347102484720e+01
4.760223565002767998e+01
4.758842683608873614e+01
4.757486619180903631e+01
4.756153503691817974e+01
4.754841954940754079e+01
4.753551900355815718e+01
4.752287190853682119e+01
4.751047549982809670e+01
4.749833210357387259e+01
4.748641731107386477e+01
4.747476039744549325e+01
4.746336995690084137e+01
4.745222331802752080e+01
4.744134109707479041e+01
4.743073993625679208e+01
4.742040498071266086e+01
4.741038707909513761e+01
4.740065100788170582e+01
4.739121041709650228e+01
4.738206204059472526e+01
4.737319704719393343e+01
4.736464508465250134e+01
4.735642813026723985e+01
4.734853016440604279e+01
4.734098991597765860e+01
4.733383158694176274e+01
4.732707051361683170e+01
4.732076188357700630e+01
