1.919701820923050093e+02
1.853237224641767114e+02
1.827812527084919054e+02
1.815660129329654637e+02
1.807780618828348338e+02
1.801755040585290715e+02
1.795246825453772601e+02
1.790656012362646266e+02
1.785464794155101060e+02
1.780958457001304396e+02
1.776950017630792047e+02
1.773548555778664593e+02
1.769002176047100932e+02
1.765136843349277456e+02
1.761831904479632556e+02
1.758703716273223279e+02
1.755032580374393660e+02
1.751787085433673212e+02
1.748124754607139266e+02
1.744798055450493450e+02
1.741027675115122975e+02
1.738380161857447490e+02
1.735639382863809885e+02
1.732784866238846746e+02
1.730278909387228055e+02
1.727310406015630520e+02
1.724792132758923628e+02
1.722445164181193888e+02
1.719763265486712100e+02
1.717430799008656663e+02
1.715139934183896457e+02
1.712927040345445562e+02
1.710692559468586751e+02
1.708502502738943178e+02
1.706553473599721826e+02
1.704327961803639369e+02
1.702106310984801212e+02
1.699706550540426235e+02
1.697676021713056116e+02
1.695859518831393302e+02
1.693746196781522144e+02
1.691918128499071088e+02
1.689942559274324481e+02
1.688090275672572034e+02
1.686213933358009456e+02
1.684473091226770407e+02
1.682610263959994086e+02
1.680806613270196408e+02
1.679016700539867202e+02
1.677390101454652154e+02
1.675552108459121143e+02
1.673974906344913904e+02
1.672099038176913268e+02
1.670420623274484626e+02
1.668866484823790586e+02
1.667213551450297189e+02
1.665779792967951209e+02
1.663868503097872917e+02
1.662478448726541274e+02
1.660905354859662282e+02
1.659261360085885428e+02
1.657887286626400112e+02
1.656015009020711659e+02
1.654581296263764330e+02
1.653167955502886173e+02
1.651766090988620874e+02
1.650447734080633779e+02
1.649158329881880434e+02
1.647817413637097559e+02
1.646380917850928540e+02
1.644992529096118119e+02
1.643620136733881338e+02
1.642350630875759521e+02
1.641049010698335451e+02
1.639622021588702978e+02
1.638293614969020950e+02
1.637132217134395944e+02
1.635792650591637027e+02
1.634678806233486910e+02
1.633413095121009633e+02
1.632089579970568707e+02
1.630949271797522897e+02
1.629773377157972902e+02
1.628732080975991323e+02
1.627644765833163945e+02
1.626612421566508146e+02
1.625403870669042021e+02
1.624324017678946461e+02
1.623283514869332009e+02
1.622133397438308293e+02
1.621089129762362404e+02
1.620067578055918034e+02
1.619154897386561345e+02
1.618153527215759766e+02
1.617161155353274182e+02
1.616081455383165917e+02
1.615159033053481892e+02
1.614105554786031291e+02
1.613224665575353356e+02
1.612303809581617315e+02
1.611450384669812763e+02
1.610331815890213250e+02
1.609444524924648761e+02
1.608611393054410144e+02
1.607842665080946745e+02
1.606890121324619543e+02
1.605996818956203072e+02
1.605060698412672764e+02
1.604152541154444407e+02
1.603247382130596463e+02
1.602340290917158256e+02
1.601585917114288975e+02
1.600589134057274237e+02
1.599707712106486497e+02
1.598909393311045619e+02
1.598015717141459220e+02
1.597230553801683470e+02
1.596341484079310078e+02
1.595365979166447232e+02
1.594554594003342629e+02
1.593733798038812211e+02
1.592993386877188300e+02
1.592267508996692129e+02
1.591399418069266005e+02
1.590665496585583867e+02
1.589825004311266810e+02
1.589088554526587131e+02
1.588370624441847951e+02
1.587578875911926275e+02
1.586884906564752100e+02
1.585876058351871905e+02
1.585075738357319040e+02
1.584150833929026021e+02
1.583480654295642296e+02
1.582736826411154141e+02
1.582004272359872630e+02
1.581147599682373084e+02
1.580462394278711713e+02
1.579734942081230429e+02
1.579035992466719733e+02
1.578407119640407643e+02
1.577728926805199876e+02
1.577080764799705719e+02
1.576429404075882701e+02
1.575804605998085890e+02
1.574907687537115066e+02
1.574254492692140843e+02
1.573422392408487553e+02
1.572811738708336691e+02
1.572178502706273946e+02
1.571584440066306456e+02
1.570960068841921213e+02
1.570320788919547965e+02
1.569707610753743268e+02
1.568592706998366850e+02
1.567777114228197490e+02
1.567166837923242895e+02
1.566548322090682746e+02
1.565895808707505239e+02
1.565284612630826473e+02
1.564628703473957216e+02
1.564017419526933850e+02
1.563427933419406770e+02
1.562789872374318350e+02
1.562204829330966334e+02
1.561554907313234537e+02
1.560965134641930092e+02
1.560384814665613078e+02
1.559763173665511715e+02
1.559152072663416959e+02
1.558579025030431353e+02
1.557709276186327827e+02
1.557000018166948792e+02
1.556376503523754309e+02
1.555824223579742238e+02
1.555266422050872848e+02
1.554635362080848040e+02
1.554099747801033402e+02
1.553550187842073456e+02
1.552878743803791792e+02
1.552291094649610272e+02
1.551680214376854963e+02
1.551112813650298108e+02
1.550442309373904095e+02
1.549932651973618931e+02
1.549375789912131438e+02
1.548795259337358061e+02
1.548153805730916588e+02
1.547558543729996643e+02
1.546967559448541181e+02
1.546244874231038864e+02
1.545648958054613047e+02
1.545115796136152824e+02
1.544481026734580951e+02
1.543938176260589046e+02
1.543376643127125760e+02
1.542844119670684222e+02
1.542291133777080745e+02
1.541705880639962913e+02
1.541165816796023194e+02
1.540633097054036398e+02
1.540092194607153999e+02
1.539601414650496451e+02
1.539033268341092082e+02
1.538394599620739314e+02
1.537867723801217323e+02
1.537317395229772785e+02
1.536801943753754642e+02
1.536271791469413301e+02
1.535519624243823387e+02
1.535011068073671368e+02
1.534463330127091467e+02
1.533936050376256048e+02
1.533411931367643319e+02
1.532939043746280561e+02
1.532392348868091858e+02
1.531710407590313423e+02
1.531185159998332210e+02
1.530727943667201316e+02
1.530223780737497350e+02
1.529649615839439036e+02
1.529065340815283491e+02
1.528571777592836440e+02
1.528028722502357084e+02
1.527525674565919473e+02
1.527002774701921908e+02
1.526536545172438935e+02
1.525988968007582400e+02
1.525503449244693002e+02
1.524928937697394247e+02
1.524468379066382511e+02
1.523996276519588093e+02
1.523512594315996864e+02
1.523020026849993371e+02
1.522538074475634744e+02
1.522074557120944007e+02
1.521573199729668318e+02
1.521042751746995805e+02
1.520525165379208090e+02
1.520061567137121870e+02
1.519582989271769975e+02
1.519080356330010773e+02
1.518606801296227502e+02
1.518160170561424991e+02
1.517662448566122464e+02
1.517186029956347966e+02
1.516724951238647634e+02
1.516258778527245852e+02
1.515766976206009247e+02
1.515185432104349843e+02
1.514724979474382565e+02
1.514271777444700717e+02
1.513791087889010214e+02
1.513334821205203866e+02
1.512785854521091835e+02
1.512292215158226156e+02
1.511854865647512156e+02
1.511424624065813589e+02
1.510925185533779995e+02
1.510466269004714661e+02
1.510057465729867090e+02
1.509587073126162693e+02
1.509141749674338655e+02
1.508715557559391129e+02
1.508284109515017235e+02
1.507847449386578660e+02
1.507283662264764246e+02
1.506837815620493757e+02
1.506421691087989245e+02
1.505957182475695504e+02
1.505538269939204667e+02
1.505129995639465221e+02
1.504706718438634994e+02
1.504288996558547922e+02
1.503839406808838817e+02
1.503407094192506008e+02
1.502717621507567856e+02
1.502314230423953632e+02
1.501907557606658088e+02
1.501499160599985316e+02
1.501101073065409821e+02
1.500684289013051682e+02
1.500251135636238757e+02
1.499877179215793319e+02
1.499469993715348721e+02
1.499066048760067815e+02
1.498639322475785605e+02
1.498082856069481750e+02
1.497674462714443848e+02
1.497293513484084713e+02
1.496854717418717939e+02
1.496455816589744643e+02
1.496036602369041475e+02
1.495653235667539889e+02
1.495232067625502168e+02
1.494845239526775913e+02
1.494429926418742411e+02
1.493916075790570801e+02
1.493508613125709985e+02
1.493101516992372524e+02
1.492689162875788611e+02
1.492311265957820865e+02
1.491954244668823719e+02
1.491537822185468372e+02
1.491180054124345986e+02
1.490766786711479597e+02
1.490452056155411071e+02
1.490081357855239332e+02
1.489646997484546489e+02
1.489253709711167915e+02
1.488899795555468017e+02
1.488529105667113015e+02
1.488077311973496251e+02
1.487699014876905892e+02
1.487326048561825473e+02
1.486958180914451759e+02
1.486579204005980159e+02
1.486143139273879683e+02
1.485779843479857902e+02
1.485415066331063088e+02
1.485077963405533126e+02
1.484664371102676057e+02
1.484315960428720018e+02
1.483885744344159718e+02
1.483533801971186108e+02
1.483176893433984844e+02
1.482861751030177402e+02
1.482521551390179297e+02
1.482174260962767107e+02
1.481883373919314693e+02
1.481567961728050591e+02
1.481237592121628666e+02
1.480910993706840770e+02
1.480573504387971582e+02
1.480160803523515654e+02
1.479825181730078612e+02
1.479477117094826610e+02
1.479140165449148299e+02
1.478633032743127558e+02
1.478251848769732533e+02
1.477963106212011155e+02
1.477659683809918647e+02
1.477333587823054586e+02
1.476933540893964221e+02
1.476606999402569613e+02
1.476291837536314517e+02
1.475968736526043301e+02
1.475653848934862538e+02
1.475310116367076034e+02
1.475005217452044519e+02
1.474706172731992808e+02
1.474382678471384907e+02
1.474069060262784774e+02
1.473767055338930163e+02
1.473436260476530890e+02
1.473136276086208909e+02
1.472771372791142426e+02
1.472426034145967719e+02
1.472133786156594795e+02
1.471843131508990723e+02
1.471458140826827332e+02
1.471147692242626874e+02
1.470799791549391671e+02
1.470523030219321754e+02
1.470218328835284183e+02
1.469906579241845179e+02
1.469555575724147332e+02
1.469263734963277273e+02
1.468990778501880072e+02
1.468689443391614873e+02
1.468408831642430243e+02
1.468102978573607800e+02
1.467819684666164051e+02
1.467503321571956292e+02
1.467203830246108112e+02
1.466914157452106338e+02
1.466612116885630144e+02
1.466199523003195111e+02
1.465915605188510824e+02
1.465658990880126282e+02
1.465395240101881882e+02
1.465105586219285954e+02
1.464853290792982250e+02
1.464539960601267694e+02
1.464142982562015334e+02
1.463796511986518851e+02
1.463529345842787279e+02
1.463268862580407301e+02
1.462974845101108485e+02
1.462735115794133094e+02
1.462481442363708197e+02
1.462233541745084153e+02
1.461980393704535004e+02
1.461761084583474144e+02
1.461483587728266116e+02
1.461185583843076472e+02
1.460896850541358276e+02
1.460658651484127120e+02
1.460416979280333294e+02
1.460155582740805755e+02
1.459877561106964947e+02
1.459645016531846693e+02
1.459392593294317635e+02
1.459141111217718958e+02
1.458906699358357173e+02
1.458670222314791260e+02
1.458310252657816193e+02
1.458080453084363057e+02
1.457849522746761579e+02
1.457612788121417395e+02
1.457335221650776873e+02
1.457122598062864256e+02
1.456878627015578331e+02
1.456650181225117251e+02
1.456391661727992641e+02
1.456161844452983019e+02
1.455956974375767743e+02
1.455713348684009816e+02
1.455485875874989858e+02
1.455237806479782421e+02
1.455020358436372305e+02
1.454786941199257626e+02
1.454534837281321700e+02
1.454299168565925982e+02
1.454071025854391053e+02
1.453854443004134964e+02
1.453684364876459369e+02
1.453454793946923473e+02
1.453217403290086054e+02
1.452967483545680238e+02
1.452668235987262904e+02
1.452467231627825583e+02
1.452261642605214149e+02
1.452026830286793597e+02
1.451822933337259656e+02
1.451614987508825152e+02
1.451402021723177995e+02
1.451046763008421294e+02
1.450827052057288711e+02
1.450603840841847898e+02
1.450386802863095284e+02
1.450186556622616934e+02
1.449992415646842119e+02
1.449783114430402975e+02
1.449594079405729019e+02
1.449372570886883409e+02
1.449170950321360181e+02
1.448985386510344142e+02
1.448767273353940368e+02
1.448552165454492808e+02
1.448375392432592719e+02
1.448186164691981901e+02
1.447958497894530865e+02
1.447763774431355728e+02
1.447599594843085242e+02
1.447395193861737539e+02
1.447201557982671716e+02
1.447008810218689234e+02
1.446802589265394374e+02
1.446626085431994397e+02
1.446427188114186890e+02
1.446261746842465641e+02
1.446092078453813201e+02
1.445877800542455134e+02
1.445718747933852910e+02
1.445544089045075111e+02
1.445353162190592968e+02
1.445183807379631844e+02
1.445014963006693449e+02
1.444854350607791389e+02
1.444697947333156378e+02
1.444520192862346448e+02
1.444278296457520980e+02
1.444125470536051523e+02
1.443833910354263708e+02
1.443575420460044256e+02
1.443413149776260980e+02
1.443273535214306946e+02
1.443090497117539996e+02
1.442815216155787823e+02
1.442673166901689115e+02
1.442511579759780602e+02
1.442370716526517356e+02
1.442217810149750790e+02
1.442030825357273898e+02
1.441863104820643002e+02
1.441687567913348005e+02
1.441511099301993397e+02
1.441356671336032775e+02
1.441171330325778115e+02
1.441017628710060023e+02
1.440875247753811266e+02
1.440729883403763836e+02
1.440574527519592323e+02
1.440426810451047004e+02
1.440247305873144228e+02
1.440042572688170424e+02
1.439895796796136267e+02
1.439715940326258306e+02
1.439542780171535981e+02
1.439401543590750805e+02
1.439266970392303051e+02
1.439143532424484135e+02
1.438995700643814359e+02
1.438848997053193557e+02
1.438707715236852493e+02
1.438561810688613889e+02
1.438439176258945054e+02
1.438284667203670892e+02
1.438204591687294851e+02
1.438052775905708245e+02
1.437824306923296831e+02
1.437692654633092673e+02
1.437564434533255451e+02
1.437415962920909180e+02
1.437288847662779006e+02
1.437147112427408615e+02
1.437013525085260142e+02
1.436888615831739742e+02
1.436774498964424254e+02
1.436632936999748438e+02
1.436528405851579180e+02
1.436380867477710126e+02
1.436256202323943967e+02
1.436139919157551503e+02
1.436003129643704312e+02
1.435880227909803182e+02
1.435793655006742995e+02
1.435673548155604067e+02
1.435554856427804111e+02
1.435457239073532492e+02
1.435355860220063278e+02
1.435258532090420260e+02
1.435149930343970652e+02
1.435009402167407302e+02
1.434858473328188779e+02
1.434727692767038434e+02
1.434621619758474367e+02
1.434518217738119574e+02
1.434401211532376692e+02
1.434299551491438649e+02
1.434192533875728088e+02
1.434092602274961621e+02
1.434002231591798022e+02
1.433886714414443873e+02
1.433779311859160828e+02
1.433671549631409903e+02
1.433570065919180365e+02
1.433469395724515607e+02
1.433371604869955718e+02
1.433279487454837238e+02
1.433152350898999998e+02
1.433047158953675080e+02
1.432991246075374079e+02
1.432885533235872231e+02
1.432822821272777105e+02
1.432716288110150060e+02
1.432635714191473824e+02
1.432553685501247855e+02
1.432454924970198249e+02
1.432377676968037292e+02
1.432287970516471205e+02
1.432227347830901181e+02
1.432141223566698898e+02
1.432071333105443500e+02
1.431886243122942233e+02
1.431814036001366333e+02
1.431725370397549568e+02
1.431642223961429181e+02
1.431562569006353840e+02
1.431519628849789569e+02
1.431437946982391622e+02
1.431370114666196969e+02
1.431298772478625096e+02
1.431234773601300390e+02
1.431179080383643338e+02
1.431087190613422422e+02
1.430972647072246957e+02
1.430957603039157391e+02
1.430910597281171874e+02
1.430848634444807601e+02
1.430801885299186438e+02
1.430755197528330314e+02
1.430701118659622182e+02
1.430635591964189359e+02
1.430446963802575624e+02
1.430402579300730679e+02
1.430359299634313004e+02
1.430300628527276388e+02
1.430215092987156709e+02
1.430173328929074614e+02
1.430132645527694706e+02
1.430093283467152219e+02
1.430038807862630108e+02
1.429934523746917705e+02
1.429946854753001162e+02
1.429890631478952230e+02
1.429823748721242396e+02
1.430879177950942562e+02
1.439766175370624524e+02
1.486443728460216391e+02
