2.579462866123412648e-02
1.103605319535724716e+00
2.171126056823734274e+00
3.205335249010785148e+00
4.226987209500087772e+00
5.200851927282625020e+00
6.191110808630523543e+00
7.203170439476532572e+00
8.171977383580960819e+00
9.178281616445412183e+00
1.017865604556124204e+01
1.123117786711876676e+01
1.224114462603230180e+01
1.325442509884320863e+01
1.426055492568327310e+01
1.521453736023603831e+01
1.620985401572522733e+01
1.720708913686515018e+01
1.818112826087794431e+01
1.917888660014251911e+01
2.021501425823762688e+01
2.120911007140166404e+01
2.221401905648274067e+01
2.320218506589816698e+01
2.414919126071031741e+01
2.515113534389135097e+01
2.612168634777650666e+01
2.709764393759440892e+01
2.804517335032539194e+01
2.901956128638694210e+01
2.997389253278259602e+01
3.095281502439760501e+01
3.192319162230988283e+01
3.292984466717172154e+01
3.393754414812841702e+01
3.493477926931991817e+01
3.592189884269195232e+01
3.692035480569383310e+01
3.790886962705502583e+01
3.890749999608132015e+01
3.987212119601200300e+01
4.083674239630287417e+01
4.183293108150221684e+01
4.281970184297971116e+01
4.382618048207438477e+01
4.479708029805995295e+01
4.577007298587507478e+01
4.676678488914787835e+01
4.775303243260383113e+01
4.873753591607294311e+01
4.971610959599929913e+01
5.069206718566275782e+01
5.167517542134856967e+01
5.267066648265628004e+01
5.366912244591544123e+01
5.463897582596035818e+01
5.560132974819130425e+01
5.657153194007904773e+01
5.756144200942967615e+01
5.854507346287996228e+01
5.951510124864054063e+01
6.054442707291658365e+01
6.151428045296152192e+01
6.250070240254467535e+01
6.345468483694295259e+01
6.444581574825836867e+01
6.542613348775971360e+01
6.642650791708136637e+01
6.739025708735321984e+01
6.835575031725151973e+01
6.934688122851568437e+01
7.030923515054118411e+01
7.130088927993004688e+01
7.227213790775861924e+01
7.325489733129290926e+01
7.421184466748859165e+01
7.519739458695001133e+01
7.620840778180422603e+01
7.720198037694669324e+01
7.817444984674008879e+01
7.913802461088484108e+01
8.011066848701145204e+01
8.111208935206791182e+01
8.211228937521094906e+01
8.312940677988953553e+01
8.410518996368290345e+01
8.509928577700119945e+01
8.608396366654615406e+01
8.707579220170148915e+01
8.806779514308701096e+01
8.904567119881286885e+01
9.000628106095460623e+01
9.098084340273190662e+01
9.199673996529092790e+01
9.297792973481112710e+01
9.396313084232627943e+01
9.494536704783892844e+01
9.592167344960284936e+01
9.689361970147714942e+01
9.785126466166717307e+01
9.882408294361221124e+01
9.981817875693086251e+01
1.007883809489217413e+02
1.017885809719617214e+02
1.027598295999960101e+02
1.037532277892171351e+02
1.047157561173182501e+02
1.057215371321092618e+02
1.067130168554732990e+02
1.076741499355336913e+02
1.086605718850138800e+02
1.096703642380059591e+02
1.106362062801588877e+02
1.116214073876228099e+02
1.126188169148384759e+02
1.136012275264781834e+02
1.145991602718188886e+02
1.155866286572911577e+02
1.165852590263688455e+02
1.175919120712820387e+02
1.185779852087649715e+02
1.195832430056374278e+02
1.205513523253351593e+02
1.215396927406717680e+02
1.225210569163196226e+02
1.235317212991251949e+02
1.245361070662363119e+02
1.255261915418686698e+02
1.265323213689146087e+02
1.275086277707298876e+02
1.284915616004428500e+02
1.294950753375859733e+02
1.305036468484587147e+02
1.314858830542284522e+02
1.324836413933898598e+02
1.334801788906891602e+02
1.344529971724793711e+02
1.354587781875790142e+02
1.364514787528562749e+02
1.374590038276855068e+02
1.384489138969845499e+02
1.394152791572105343e+02
1.404336174038024296e+02
1.414343406448124938e+02
1.424537253273963699e+02
1.434551461926070317e+02
1.444689498831822618e+02
1.454710683722846625e+02
1.464552230438080471e+02
1.474739101024487979e+02
1.484784702754295438e+02
1.495091913477975538e+02
1.505158443928649490e+02
1.514980805983256005e+02
1.524909555696788175e+02
1.535042360423865944e+02
1.544617065966549205e+02
1.554430707721994906e+02
1.564329808415498064e+02
1.574391106685440604e+02
1.584496006454276369e+02
1.594799729057468483e+02
1.605298786375043107e+02
1.615278113826387028e+02
1.625337668036600576e+02
1.635311763309270816e+02
1.645749778528601439e+02
1.655833749578626737e+02
1.666212466760471784e+02
1.676594672060745950e+02
1.686629809431150591e+02
1.697005038489937760e+02
1.707085521417421603e+02
1.717232278625425579e+02
1.727068593161989440e+02
1.737372315765192354e+02
1.747656853709308109e+02
1.757918718872311672e+02
1.768316620712210749e+02
1.778426752661268040e+02
1.788308412757483552e+02
1.798388895686510978e+02
1.808439729597560301e+02
1.819226556807519160e+02
1.829540743770111533e+02
1.839952598090416700e+02
1.850333059332507162e+02
1.860636781934674104e+02
1.871448025983427783e+02
1.881891273382470047e+02
1.892008381570956033e+02
1.902148162541062391e+02
1.912033310756211506e+02
1.922570737393491811e+02
1.932942478334876739e+02
1.943319451454420914e+02
1.953590036919160582e+02
1.964141416035312773e+02
1.974764301608601613e+02
1.984952916253702995e+02
1.995370002754733889e+02
2.005745231814544525e+02
2.016232080710929040e+02
2.026736370209237919e+02
2.037280773086988290e+02
2.047577519451272394e+02
2.057954492572879985e+02
2.068216357737939290e+02
2.078684021978332339e+02
2.089383646191539015e+02
2.100130360022068601e+02
2.110596280199640375e+02
2.121254046973163838e+02
2.131540328975970908e+02
2.141882420895781820e+02
2.152522747070473201e+02
2.163021804388571638e+02
2.173686547402567726e+02
2.184461166193401311e+02
2.195169510704225786e+02
2.205766235381567810e+02
2.216554806652805496e+02
2.227479414598882386e+02
2.238109276414167823e+02
2.248608333730712445e+02
2.259314934182317813e+02
2.270288375808018202e+02
2.280632211792192834e+02
2.291312651345804738e+02
2.302040180516225973e+02
2.312399713037963807e+02
2.323015622372325311e+02
2.333934998139724541e+02
2.344571836192894523e+02
2.355173793047881077e+02
2.366028638595008431e+02
2.376717798446753420e+02
2.387842973287434063e+02
2.398526900959995487e+02
2.409550920325057177e+02
2.420452855490540571e+02
2.431105390084877911e+02
2.442303815444988970e+02
2.453566771020744568e+02
2.464550677004302770e+02
2.475360176992803645e+02
2.486849860364764595e+02
2.497894808446057198e+02
2.508911851569623650e+02
2.519824251094507872e+02
2.530834317980188928e+02
2.541755437807841531e+02
2.552648652675192693e+02
2.563592445279841172e+02
2.574368808131951027e+02
2.585272487360252285e+02
2.595916301655432221e+02
2.607160072572626177e+02
2.618248622153328142e+02
2.629215087538568127e+02
2.640526876794468194e+02
2.651442764440869269e+02
2.662470271927443832e+02
2.673628583906065046e+02
2.684453780434191685e+02
2.695714991951765001e+02
2.706472170143759399e+02
2.717511886045865026e+02
2.728532417288374745e+02
2.739704681746889605e+02
2.750719980810728202e+02
2.761632380337159702e+02
2.773047069130469140e+02
2.784524544081754698e+02
2.795634022382814123e+02
2.806832447741903138e+02
2.818323875175140643e+02
2.830028077919538418e+02
2.841275336956709907e+02
2.852461553895119550e+02
2.863972165986408527e+02
2.875331044860662359e+02
2.886761430193079150e+02
2.897893581273187920e+02
2.909381520584389023e+02
2.920517159784472483e+02
2.931903943617994059e+02
2.943445948787495468e+02
2.954892030659019611e+02
2.966282302613029742e+02
2.977634205248877493e+02
2.989361080772325181e+02
3.000620548228113194e+02
3.012003843942692356e+02
3.023392371835944346e+02
3.034599517494706333e+02
3.046115361764152567e+02
3.057568419877169390e+02
3.069075543850028680e+02
3.080266992969171724e+02
3.091938058574595516e+02
3.103387628564549914e+02
3.114931377796870606e+02
3.126243167052257945e+02
3.137840982140816664e+02
3.149517279928514881e+02
3.161111606897100614e+02
3.172742559124120021e+02
3.184535708926546818e+02
3.196470127584543093e+02
3.208296414525943874e+02
3.220215136644318932e+02
3.231765862113496723e+02
3.243330540062563045e+02
3.254551638202757431e+02
3.265922725497169381e+02
3.277304277149442555e+02
3.289039872973596061e+02
3.300660360841718557e+02
3.312301777427621232e+02
3.324096671290288896e+02
3.335785177496089204e+02
3.347103942992447401e+02
3.358616299142944968e+02
3.370367591506718554e+02
3.382031680873220694e+02
3.393927730213567884e+02
3.405572634923046849e+02
3.417212307451794686e+02
3.429117077092332693e+02
3.440652106021883583e+02
3.452413862745577262e+02
3.464086672410197139e+02
3.475733321176823551e+02
3.487430547682301381e+02
3.499045803369693317e+02
3.510584320420248901e+02
3.522269338506591225e+02
3.534036327410503304e+02
3.545485897401999864e+02
3.557486590339485701e+02
3.569190793082851201e+02
3.580767679451568597e+02
3.592663728790887490e+02
3.604430717694800137e+02
3.616042485263249091e+02
3.627867028144918891e+02
3.639850280483568099e+02
3.651495185188416599e+02
3.662953475480618408e+02
3.674847780761238027e+02
3.686663603344260878e+02
3.698430592248686253e+02
3.710476630744780095e+02
3.722442442482519027e+02
3.734153621467357880e+02
3.746394994677833665e+02
3.758359062356872755e+02
3.770237671097342513e+02
3.781959314442103164e+02
3.793717583044781350e+02
3.805594447726033991e+02
3.817462592107114574e+02
3.829281902810638485e+02
3.841434328963626399e+02
3.853103650509844442e+02
3.864860175052305635e+02
3.876689950114716794e+02
3.888718548010967879e+02
3.900513441875191347e+02
3.912163578758213021e+02
3.924235778153358751e+02
3.936067297274969974e+02
3.948027876833021423e+02
3.960180302987542404e+02
3.972024030528803564e+02
3.984291564639864873e+02
3.996107387223398746e+02
4.008097615800965059e+02
4.020297131573836964e+02
4.032397235927728047e+02
4.044451994722995778e+02
4.056285257905361163e+02
4.068144681986749447e+02
4.080012826368842980e+02
4.092135603500744878e+02
4.104171177638980339e+02
4.116058506677579203e+02
4.128146402611292842e+02
4.140293596585582918e+02
4.151978614671912737e+02
4.164188594802117791e+02
4.176346253135296820e+02
4.187862097403698840e+02
4.199988362657658740e+02
4.211980335296508997e+02
4.224096136189001527e+02
4.236133454387501729e+02
4.248205653782646891e+02
4.260026708545382235e+02
4.272203551537150474e+02
4.284500734666704602e+02
4.296175288393137066e+02
4.308057385254630844e+02
4.320288294104695410e+02
4.332698841132604457e+02
4.344781504886626635e+02
4.356994973138877754e+02
4.368789867001544280e+02
4.381121931328765413e+02
4.393551663013693656e+02
4.405719785706805283e+02
4.417633275645988533e+02
4.430003709293943643e+02
4.442014866589804001e+02
4.453891731270040850e+02
4.466098223281828723e+02
4.477889629025547720e+02
4.490021126459702145e+02
4.502102046155531525e+02
4.514074834134764842e+02
4.526281326146030324e+02
4.538210512625337287e+02
4.550368170960063594e+02
4.562625240711712422e+02
4.574547450949534095e+02
4.586727782061254288e+02
4.598812189877058927e+02
4.611086700227028246e+02
4.623012398586885183e+02
4.635177033161577924e+02
4.647425382611507985e+02
4.659766167239442893e+02
4.672204619225080364e+02
4.684533195433882042e+02
4.696873980063874114e+02
4.708954899758692818e+02
4.721299172506084574e+02
4.733362651602583924e+02
4.745546470834300408e+02
4.757527979112715570e+02
4.769765864205302819e+02
4.781878176980397370e+02
4.794152687330891354e+02
4.806662645775718943e+02
4.819026103183729219e+02
4.831042492661354117e+02
4.843458271867417579e+02
4.855556632162093820e+02
4.867784052892176874e+02
4.880339356895627816e+02
4.892497015228820487e+02
4.904609328003906512e+02
4.916831516555833446e+02
4.928952549630080284e+02
4.940866039568235806e+02
4.952824875067586277e+02
4.965108105717747549e+02
4.977189025413063632e+02
4.989402493664784970e+02
5.001683980255216397e+02
5.014239284258661087e+02
5.026723081801878266e+02
5.038772608418464074e+02
5.051012237568189107e+02
5.063349534076650116e+02
5.075482775571564389e+02
5.088031103334033673e+02
5.100380608261112343e+02
5.112677791390652260e+02
5.125088338417004934e+02
5.137362848765429817e+02
5.149689680913453458e+02
5.161870012026737413e+02
5.174268350636031073e+02
5.186729475400208003e+02
5.199099909048687778e+02
5.211627308092357680e+02
5.224168659614376793e+02
5.236551301680957522e+02
5.248820579851756065e+02
5.261442158133155544e+02
5.273837008616815183e+02
5.286216162565485774e+02
5.298478464494796754e+02
5.310829713482650050e+02
5.323510589800511070e+02
5.335973458626476713e+02
5.348281106115952070e+02
5.360738742761700451e+02
5.373117896709852630e+02
5.385847606708878175e+02
5.398519762727057696e+02
5.411071578609503376e+02
5.423513518716139288e+02
5.436217067816133977e+02
5.448948521874885955e+02
5.461596261054280603e+02
5.474163773477376935e+02
5.486935340914535573e+02
5.499316413508670394e+02
