1.406098612319246939e-02
9.205170896032983663e-01
1.817338559210899485e+00
2.705343429897436369e+00
3.562990114608348691e+00
4.417364659513497216e+00
5.270921169467215783e+00
6.113934117824602943e+00
6.947585110626638638e+00
7.779236462436259991e+00
8.609887993749680390e+00
9.434177030996336200e+00
1.026119285141446369e+01
1.109084456223168047e+01
1.191867841760122460e+01
1.273615049691919765e+01
1.355807632208393088e+01
1.438391053646110684e+01
1.521601635213263926e+01
1.604103253155837550e+01
1.686723031702506859e+01
1.767670383237343756e+01
1.849353966228477475e+01
1.931419298863613676e+01
2.012284846903305890e+01
2.094177483270917861e+01
2.176115566024719428e+01
2.257317417322229147e+01
2.339928106591665014e+01
2.420720940413458777e+01
2.503086219197462370e+01
2.583660910365539465e+01
2.663463012968368204e+01
2.744310382453589625e+01
2.826421161474927857e+01
2.908350154951502020e+01
2.990288237705314955e+01
3.071444642616642895e+01
3.153491796697315053e+01
3.234511862450068520e+01
3.314877500241666297e+01
3.397506368065577220e+01
3.480126146612250437e+01
3.561318908632524227e+01
3.642529849207276271e+01
3.724749699555468396e+01
3.806015175793648808e+01
3.887253384200106865e+01
3.967809896813702863e+01
4.049502569082076064e+01
4.130477188448625014e+01
4.211633593359938743e+01
4.294971424808422000e+01
4.378245631316234920e+01
4.460329142505845113e+01
4.543912384439752827e+01
4.625141503568966783e+01
4.708170299591352403e+01
4.789808436196283736e+01
4.871237519424742146e+01
4.953330119891592176e+01
5.034104775158895251e+01
5.116560946715268443e+01
5.198344511756020125e+01
5.280400755113906541e+01
5.364811121276500927e+01
5.447576328258980283e+01
5.528469144130377089e+01
5.611325243885232084e+01
5.694899396541905645e+01
5.777291943157617737e+01
5.860266203516572858e+01
5.943458606529245714e+01
6.024860421925989584e+01
6.108380038919235488e+01
6.191636066872575839e+01
6.274737577112860265e+01
6.357084677342378853e+01
6.444439969330159101e+01
6.526614373292149196e+01
6.609724972809681276e+01
6.693544535951791374e+01
6.778845651283734242e+01
6.862956071297460880e+01
6.948793453986465352e+01
7.029168181055298703e+01
7.114242064456274761e+01
7.197561717350295396e+01
7.282299297493463541e+01
7.368663858262267752e+01
7.453146938642773023e+01
7.538248089875469304e+01
7.622794795196639939e+01
7.710041015857559898e+01
7.797178165191616017e+01
7.881543084968031110e+01
7.968043984895409437e+01
8.056171865448445146e+01
8.140336821125607969e+01
8.225856079111281360e+01
8.313620388574778985e+01
8.399275985719006599e+01
8.483268245128645901e+01
8.569351038303079804e+01
8.653697779525002431e+01
8.741216678503067783e+01
8.830153504730303382e+01
8.919181223729920305e+01
9.005282195458826777e+01
9.092501148288046409e+01
9.179729190394486693e+01
9.264375877765282041e+01
9.352794615189942817e+01
9.441249709723543049e+01
9.529277608226954044e+01
9.613678885112318540e+01
9.703006550260771235e+01
9.790761770447038259e+01
9.880671149338759562e+01
9.969135333149597500e+01
1.005936283674465415e+02
1.014536382642393448e+02
1.023359168902658922e+02
1.032409187093879837e+02
1.041111994894601338e+02
1.050182009495744779e+02
1.058791197740912509e+02
1.068092988911632091e+02
1.076792161001456378e+02
1.085674027563770494e+02
1.094767674285733676e+02
1.103769519307592049e+02
1.112619573399571493e+02
1.121509620311398834e+02
1.130517827827322321e+02
1.139410601522322253e+02
1.148626953487000435e+02
1.157517909326551830e+02
1.166321608104615706e+02
1.175374353079006511e+02
1.184530715813913417e+02
1.193378043122718140e+02
1.202368981011890980e+02
1.211185404778085939e+02
1.220379942477392348e+02
1.229355428595258815e+02
1.238223661241710829e+02
1.247527270267875821e+02
1.256560927760065454e+02
1.265943613498203177e+02
1.274835478265474933e+02
1.283949121397361068e+02
1.292939150358808433e+02
1.302085514888752016e+02
1.311304593636598383e+02
1.320371881454572929e+02
1.329295558692180919e+02
1.338547358838088428e+02
1.347871873201897301e+02
1.356976427056548573e+02
1.365960093523928549e+02
1.375504568396906961e+02
1.384833627399337956e+02
1.393873647385593983e+02
1.403212704592991145e+02
1.412611751030156881e+02
1.421957170731618874e+02
1.431126258454656579e+02
1.440281712261844689e+02
1.449527149913685662e+02
1.458808035746755536e+02
1.467913498529125604e+02
1.477288003917753656e+02
1.486623425414252893e+02
1.495992477236531784e+02
1.505488778940149928e+02
1.515164139405358128e+02
1.524481382347379679e+02
1.534047671485730291e+02
1.543278566293990082e+02
1.552695791285633220e+02
1.561841246887852890e+02
1.571602046559101495e+02
1.581302857000576694e+02
1.590652821340654555e+02
1.600042778500584575e+02
1.609994452993834386e+02
1.619533474300467333e+02
1.629241556163732980e+02
1.638790575675330956e+02
1.648513200382176649e+02
1.658178562642423230e+02
1.667973901567175972e+02
1.677641990610594007e+02
1.687300081449048719e+02
1.696919997323103075e+02
1.706866218250011968e+02
1.716309802145644881e+02
1.726014248298016014e+02
1.735729601583070973e+02
1.745456770928536514e+02
1.755177577779938645e+02
1.764688422327131718e+02
1.774596468289638267e+02
1.784198205609214085e+02
1.793705414445510939e+02
1.803485301598961428e+02
1.812881621252956563e+02
1.822796938637253277e+02
1.832435941993507527e+02
1.842024954324953967e+02
1.851956632408279688e+02
1.861701071380494739e+02
1.871552763824129215e+02
1.881224488578441196e+02
1.891217064819263953e+02
1.901001496611330310e+02
1.911192219095945575e+02
1.921222061373444490e+02
1.931290078615342338e+02
1.941222665626394530e+02
1.950826220801421869e+02
1.960695182871804150e+02
1.970530514616403366e+02
1.980723963884191789e+02
1.990709268703224382e+02
2.000634584292484135e+02
2.010588985568903411e+02
2.020522481507679515e+02
2.030566866628760181e+02
2.040337664504969837e+02
2.050365688927020926e+02
2.060241013491470312e+02
2.069990906030028839e+02
2.080151633899761521e+02
2.089947881752235048e+02
2.100135877453676585e+02
2.110331144576915108e+02
2.120359168998962502e+02
2.130437184445825096e+02
2.140576098050182452e+02
2.150595942122719180e+02
2.160691227196332989e+02
2.170875587186880864e+02
2.181152657805263857e+02
2.191437908773156096e+02
2.201325049398014642e+02
2.211445784447894880e+02
2.221634689077067719e+02
2.231666349210011902e+02
2.241748000367770715e+02
2.252079606649575680e+02
2.262214884543042217e+02
2.272409242738558532e+02
2.282578150957799323e+02
2.292677980670032980e+02
2.302932328095315881e+02
2.312930357902485810e+02
2.322876578829391008e+02
2.332993678168380995e+02
2.343081691820202650e+02
2.353266960738475859e+02
2.363328615486307456e+02
2.373652950346330499e+02
2.383545544537534226e+02
2.393624468912122722e+02
2.403883360976026893e+02
2.414132254834968023e+02
2.424228448836302618e+02
2.434584596166652943e+02
2.444747141891836009e+02
2.454788800229752042e+02
2.465028604811455182e+02
2.475185696970292213e+02
2.485261894561705844e+02
2.495515333059263412e+02
2.505615162771498774e+02
2.515962220824610540e+02
2.526294736034146240e+02
2.536567262013907964e+02
2.546996123562167895e+02
2.557245926348833223e+02
2.567542993377135190e+02
2.578005485251173354e+02
2.588439800365768519e+02
2.598787767346609598e+02
2.609075745097674144e+02
2.619161940894047120e+02
2.629529904284815416e+02
2.639893323036956190e+02
2.650204932908838487e+02
2.660434739285574892e+02
2.670611827854336866e+02
2.680718020060639901e+02
2.690817849772869295e+02
2.701150364982405563e+02
2.711122944813303093e+02
2.721318211936539342e+02
2.731634366447039497e+02
2.741779642545465663e+02
2.752053077452949879e+02
2.762247435648458236e+02
2.772220924407083089e+02
2.782468000410574405e+02
2.792980483309422652e+02
2.803258462855527000e+02
2.813371017555895719e+02
2.823726255958519005e+02
2.834006962287788269e+02
2.844386741738962883e+02
2.854664721285063251e+02
2.864775458129982439e+02
2.874899828890762024e+02
2.885121454917982078e+02
2.895529411128586617e+02
2.905874651326254821e+02
2.916205348680339284e+02
2.926550588878001236e+02
2.936704954253666529e+02
2.947071099788973925e+02
2.957313631153846814e+02
2.967375285901684947e+02
2.977680533279499286e+02
2.988027591332613042e+02
2.998462815374933257e+02
3.008468116603891076e+02
3.018596123075564606e+02
3.028814113391894125e+02
3.038963934128939286e+02
3.049165563746237808e+02
3.059363557652642385e+02
3.069780603140490598e+02
3.079911336395338139e+02
3.090132053494838829e+02
3.100324593834902203e+02
3.110523496669030123e+02
3.120679679900143810e+02
3.130899488071923429e+02
3.141185647967541286e+02
3.151602693455387225e+02
3.161954296147119408e+02
3.172415879093433659e+02
3.182536614143318729e+02
3.192803686556733851e+02
3.202999862607695718e+02
3.213336922455843023e+02
3.223750332232794449e+02
3.234008315368973854e+02
3.244298110975482246e+02
3.254444296001634598e+02
3.264576847111926554e+02
3.274876640923398554e+02
3.285001920611900346e+02
3.295345342954116745e+02
3.305692401007227659e+02
3.315874034214604649e+02
3.326050213855638162e+02
3.336232755990738497e+02
3.346348037474277817e+02
3.356606020610459495e+02
3.366684036057316689e+02
3.376566632043555956e+02
3.386881877626336745e+02
3.397139860762514445e+02
3.407378756416492251e+02
3.417525850370362264e+02
3.427491158779469060e+02
3.437663702709606355e+02
3.447786255614932429e+02
3.457939712062874946e+02
3.468132252402937752e+02
3.478298433839003110e+02
3.488667306157487928e+02
3.498700784145884199e+02
3.509006940451423020e+02
3.519175848670671485e+02
3.529479278193040273e+02
3.539639097135050179e+02
3.549677119762058624e+02
3.559762406630716214e+02
3.569957673753949621e+02
3.580043869550328282e+02
3.590240045601281054e+02
3.600516207291934165e+02
3.610353356891988028e+02
3.620543170448879664e+02
3.630602098413538670e+02
3.640813726235804211e+02
3.650772672150845324e+02
3.660887044706659026e+02
3.671084129685349353e+02
3.681386650279993091e+02
3.691555558499234166e+02
3.701498143715246556e+02
3.711640693030502121e+02
3.721598730017813637e+02
3.731633116933940073e+02
3.741752034128367654e+02
3.751969115516970987e+02
3.762054402385627441e+02
3.771996078673914212e+02
3.782197708291218419e+02
3.792081213205183303e+02
3.802112873338130612e+02
3.812035462144227154e+02
3.822199825724846960e+02
3.832238757279583865e+02
3.842219517459998883e+02
3.852274809713769059e+02
3.862444626860735752e+02
3.872563544055159355e+02
3.882568845284126837e+02
3.892703214249859798e+02
3.902681247647100236e+02
3.912761080949408097e+02
3.922993614109316809e+02
3.932941652891676085e+02
3.943052389736593568e+02
3.953190394413236959e+02
3.963169336738200741e+02
3.973078291628426086e+02
3.982961796542388697e+02
3.993098892291301922e+02
4.003206902353048804e+02
4.013097678688807832e+02
4.022780310575809040e+02
4.032589283416421608e+02
4.042792730889165114e+02
4.052798032118119522e+02
4.062819694046101517e+02
4.072599581199548311e+02
4.082455818281794677e+02
4.092462937366200890e+02
4.102192833494849538e+02
4.111941817105685573e+02
4.121929848707879955e+02
4.131906064249678820e+02
4.141808656645844735e+02
4.151593088437909955e+02
4.161750180596745849e+02
4.171769115741565770e+02
4.181698067041720606e+02
4.191724273608318185e+02
4.201385091229947193e+02
4.211262233649841846e+02
4.221256627746112144e+02
4.231226480793844757e+02
4.241099078575122121e+02
4.251052570923815210e+02
4.261070597140901555e+02
4.271105892984743946e+02
4.281077563887923816e+02
4.290690208340192839e+02
4.300790946980153535e+02
4.310788976787317779e+02
4.320701567388442186e+02
4.330650515098523670e+02
4.340357688034064836e+02
4.350166660874677973e+02
4.360023806884648820e+02
4.369911856437239521e+02
4.379914430883029013e+02
4.389865196448553206e+02
4.399715979964452686e+02
4.409760365085534772e+02
4.419550250443944606e+02
4.429498289226295924e+02
4.439311806705527488e+02
4.449287113319600735e+02
4.458913391687722196e+02
4.468802350168040221e+02
4.478866731699039860e+02
4.488709334865432083e+02
4.498474679175293431e+02
4.508244568123779459e+02
4.518226237231917821e+02
4.528147917110280218e+02
4.537853272190374128e+02
4.547744048526134293e+02
4.557541205306326333e+02
4.567433799497525229e+02
4.577444554292835051e+02
4.587161725433339257e+02
4.596809818066837465e+02
4.606436096434954948e+02
4.616181444334899879e+02
4.626024956429014310e+02
4.635821204281487553e+02
4.645540193277438448e+02
4.655521862385585905e+02
4.665400822660930658e+02
4.675180709814378588e+02
4.684954234473762540e+02
4.694906817894741948e+02
4.704798503158216363e+02
4.714791079399041109e+02
4.724551879070285736e+02
4.734583539203232476e+02
4.744342521019029277e+02
4.753989704724797889e+02
4.763987734531965543e+02
4.773720357443777402e+02
4.783534783850738563e+02
4.793197419327817101e+02
4.803002756457524924e+02
4.813008057686484449e+02
4.822728864537888853e+02
4.832169721650349743e+02
4.841975058780066661e+02
4.851724042390899285e+02
4.861622090148444499e+02
4.871386525530586482e+02
4.881269121516825180e+02
4.891026285477175861e+02
4.900987958175385870e+02
4.910843286329915145e+02
4.920649532387361660e+02
4.930733910328289653e+02
4.940389274383563816e+02
4.950176432958816122e+02
4.959664554312919904e+02
4.969772564374669628e+02
4.979934201172121675e+02
4.989625922336351778e+02
4.999503973683972049e+02
5.009123889558027258e+02
5.019090106894856831e+02
5.029002697495984080e+02
5.038686238310708063e+02
5.048722443082283462e+02
5.058553230188265957e+02
5.068324936992191283e+02
5.078073920603034708e+02
5.087753825706863609e+02
5.097622787777241911e+02
5.107402674930697231e+02
5.117364347628907240e+02
5.127174229397240879e+02
5.137022286129973736e+02
5.146983958828184313e+02
5.156881097658005046e+02
5.166588270593548486e+02
5.176386336301482061e+02
5.186230757323323814e+02
5.196138803285820131e+02
5.205822344100541841e+02
5.215202303055513084e+02
5.225014002679295118e+02
5.234642098902860425e+02
5.244491064563321743e+02
5.254230958896916945e+02
5.264069017424690173e+02
5.274164302498305688e+02
5.283935100374512785e+02
5.293628639394197535e+02
5.303233103496949070e+02
5.312858472937351735e+02
5.322449303124245716e+02
5.332101940396353257e+02
5.341753668740739158e+02
5.351404488157414789e+02
5.360959870163077312e+02
5.370757935870994970e+02
5.380760510316785030e+02
5.390229544188680393e+02
5.399858549339976435e+02
5.409292135030646023e+02
5.419079293605886960e+02
5.428964616375299101e+02
5.438493639476968156e+02
5.448162637448109535e+02
5.458002513831340821e+02
5.467435190594292180e+02
5.476960577985070131e+02
5.486657752715641436e+02
5.496185866889591125e+02
5.505689440015003129e+02
5.515183014935452093e+02
5.524889278943268209e+02
5.534283780741810688e+02
5.543833709181132008e+02
5.553140953918187961e+02
5.562418204040365026e+02
5.571839064742904384e+02
5.581296282554393429e+02
5.590460825638817823e+02
5.599649909771783314e+02
5.608810817145306373e+02
5.618140785075464692e+02
5.627202619327096045e+02
5.636167198312277833e+02
5.645387185987854082e+02
5.654493557697956021e+02
5.663462681321758510e+02
5.672896267012431508e+02
5.682486188271598166e+02
5.691775254454181550e+02
5.700768010198800084e+02
5.709892560463373457e+02
5.719078008885439885e+02
5.728088308192769773e+02
