2.585587887379733374e+01
2.581297076034368843e+01
2.577328688267371959e+01
2.573519983550260903e+01
2.569822647322522968e+01
2.566212832153209789e+01
2.562688027627627463e+01
2.559252411736866861e+01
2.555870910515875849e+01
2.552546500686212738e+01
2.549275138993173329e+01
2.546051946828114865e+01
2.542874808773445849e+01
2.539734015795708544e+01
2.536629784753258932e+01
2.533557919007580495e+01
2.530513962834285024e+01
2.527502310682585573e+01
2.524522858165568096e+01
2.521578100188120075e+01
2.518657367204045627e+01
2.515762959946870225e+01
2.512893286585896391e+01
2.510047985144138849e+01
2.507227462004107821e+01
2.504430605119591036e+01
2.501652481415823814e+01
2.498897318258234179e+01
2.496164400769111325e+01
2.493450572394300835e+01
2.490754731536844702e+01
2.488074346246377644e+01
2.485410152781522086e+01
2.482760212831124136e+01
2.480124092863748331e+01
2.477504498839000036e+01
2.474902023612604296e+01
2.472313327593233012e+01
2.469739241207778946e+01
2.467179865601963940e+01
2.464635542120231548e+01
2.462105365721143357e+01
2.459586825342033478e+01
2.457080696036986822e+01
2.454586507534841999e+01
2.452106940273653635e+01
2.449641275779181981e+01
2.447187396171450047e+01
2.444745539973316539e+01
2.442318973083011713e+01
2.439905756059012276e+01
2.437504999056793409e+01
2.435115533588961867e+01
2.432736448311020538e+01
2.430370458343172047e+01
2.428016625912863091e+01
2.425674886006822817e+01
2.423343457828359249e+01
2.421021983113741527e+01
2.418710871859255818e+01
2.416408853213989261e+01
2.414116276001518457e+01
2.411835063399374590e+01
2.409566591343333641e+01
2.407310008005278590e+01
2.405063822213120517e+01
2.402828130715055011e+01
2.400602301202879474e+01
2.398384959057426613e+01
2.396178427936293787e+01
2.393980097838451826e+01
2.391791155317790896e+01
2.389612404721958683e+01
2.387444865801411353e+01
2.385287092583348567e+01
2.383137694782825022e+01
2.380997459638996716e+01
2.378866809302380858e+01
2.376745248805531574e+01
2.374632153365971021e+01
2.372528635500814786e+01
2.370435371331877406e+01
2.368351422769427472e+01
2.366274934331373103e+01
2.364207888130933810e+01
2.362150833557925722e+01
2.360103238648160229e+01
2.358064550162012551e+01
2.356033595306437078e+01
2.354012923949385439e+01
2.352000412563100085e+01
2.349995769018940450e+01
2.347998673537857783e+01
2.346009412620935919e+01
2.344027215375272988e+01
2.342053854572517935e+01
2.340088451581945606e+01
2.338130379414193882e+01
2.336178946776647436e+01
2.334234959298856893e+01
2.332297748674957916e+01
2.330367422031261881e+01
2.328445198026348706e+01
2.326531409183078125e+01
2.324624586935358650e+01
2.322725188723877565e+01
2.320832667891937362e+01
2.318947293800752973e+01
2.317069719661300908e+01
2.315199943108203229e+01
2.313337950030305734e+01
2.311483154915216787e+01
2.309634671559924968e+01
2.307793848344331167e+01
2.305960256359807659e+01
2.304134188674349915e+01
2.302314269875055786e+01
2.300500804117480769e+01
2.298694519766088007e+01
2.296895139106183592e+01
2.295101828436609992e+01
2.293315955561741504e+01
2.291536169847211113e+01
2.289763589145571032e+01
2.287997920061459212e+01
2.286238464354675770e+01
2.284485417789016992e+01
2.282739594235010827e+01
2.281000092194112838e+01
2.279266362261847334e+01
2.277538658535411997e+01
2.275817273915664529e+01
2.274101929586257498e+01
2.272392597240702727e+01
2.270689438155793027e+01
2.268992115877583160e+01
2.267302847836825919e+01
2.265620600288922759e+01
2.263946025948059670e+01
2.262279197940808118e+01
2.260619200404686779e+01
2.258964787457661316e+01
2.257315372462582204e+01
2.255671559150217576e+01
2.254033022239618589e+01
2.252400515348817223e+01
2.250773967632469663e+01
2.249152382143484985e+01
2.247537228553076361e+01
2.245928357447691326e+01
2.244325750318150980e+01
2.242729305467113576e+01
2.241138983464394485e+01
2.239554069822078120e+01
2.237973861594024427e+01
2.236399295397862730e+01
2.234830919693834517e+01
2.233268433908213524e+01
2.231711501091098881e+01
2.230160050463657129e+01
2.228614029193702706e+01
2.227074400229118112e+01
2.225540441921509327e+01
2.224012126228253550e+01
2.222489144540371697e+01
2.220971883326314256e+01
2.219459236553853287e+01
2.217952079752107153e+01
2.216451016529444473e+01
2.214956894133143450e+01
2.213468323776780267e+01
2.211984720509959601e+01
2.210506746100116260e+01
2.209033978087890659e+01
2.207567182198371469e+01
2.206106993338798361e+01
2.204652335247604000e+01
2.203203349273605127e+01
2.201759571127152881e+01
2.200320845377779477e+01
2.198886774257056942e+01
2.197456948393307741e+01
2.196032280167023742e+01
2.194613253871202474e+01
2.193200141959245286e+01
2.191793075279684544e+01
2.190391392602033349e+01
2.188994721144443645e+01
2.187602895263870195e+01
2.186215537299414180e+01
2.184833508514551426e+01
2.183456976086781509e+01
2.182085641609653592e+01
2.180720108955352643e+01
2.179360034296622217e+01
2.178005674770782107e+01
2.176656872905135032e+01
2.175313654160430588e+01
2.173976444393533214e+01
2.172644399887201061e+01
2.171318186541458317e+01
2.169996857059225803e+01
2.168681196205918837e+01
2.167371276472792374e+01
2.166065818946660571e+01
2.164765105778678489e+01
2.163470619501119785e+01
2.162182096586620972e+01
2.160898086698941611e+01
2.159619086330265247e+01
2.158345084253626922e+01
2.157077512917915740e+01
2.155816062593999760e+01
2.154559985208986816e+01
2.153309870479770893e+01
2.152064613615358013e+01
2.150824148658122681e+01
2.149588672296442837e+01
2.148357817384378521e+01
2.147131690538668281e+01
2.145911241762430421e+01
2.144696713990572334e+01
2.143486980269599940e+01
2.142282181411003350e+01
2.141082461336818454e+01
2.139887410761452458e+01
2.138697370732715441e+01
2.137512907574807031e+01
2.136333684361306950e+01
2.135159287457792487e+01
2.133989605590256033e+01
2.132824136023210215e+01
2.131663510959550578e+01
2.130507267500876623e+01
2.129356186703425990e+01
2.128210141199327055e+01
2.127068959901806622e+01
2.125931514168094694e+01
2.124798429232478014e+01
2.123669634111776006e+01
2.122545092398232569e+01
2.121424731540669839e+01
2.120310061316923722e+01
2.119200366493278054e+01
2.118095137779613779e+01
2.116994962191811780e+01
2.115899528560627374e+01
2.114809236931348124e+01
2.113724322163679403e+01
2.112643902792654060e+01
2.111568943847885294e+01
2.110498109505521569e+01
2.109431895343058017e+01
2.108370126129587163e+01
2.107313502308205955e+01
2.106262476186326893e+01
2.105216133825837943e+01
2.104174243496114016e+01
2.103137244284269869e+01
2.102105305131810198e+01
2.101077518878092221e+01
2.100054301160454173e+01
2.099035076801657240e+01
2.098020608074464022e+01
2.097010984655424082e+01
2.096005371617614088e+01
2.095004549488751877e+01
2.094009201422197819e+01
2.093019289090052837e+01
2.092033693106469983e+01
2.091052817360289851e+01
2.090076519227844187e+01
2.089104448776632239e+01
2.088137088178171652e+01
2.087174810432323824e+01
2.086216529591447610e+01
2.085262750251472852e+01
2.084312859546739816e+01
2.083367181409031943e+01
2.082424869370860421e+01
2.081486655278067843e+01
2.080553234386290384e+01
2.079624661921555884e+01
2.078700995126519402e+01
2.077780963925266278e+01
2.076864781073459909e+01
2.075952929003824465e+01
2.075045812076639251e+01
2.074143717666762043e+01
2.073245632670200322e+01
2.072351291572633514e+01
2.071460781446522503e+01
2.070573883985225905e+01
2.069691119093715415e+01
2.068812562534339605e+01
2.067937780821516469e+01
2.067067066773288886e+01
2.066200139866796448e+01
2.065336683669077189e+01
2.064477469088504336e+01
2.063623229050087815e+01
2.062774193267508949e+01
2.061929232916520505e+01
2.061087802702693850e+01
2.060249992639592875e+01
2.059415779175869687e+01
2.058585658571232457e+01
2.057759348515246245e+01
2.056937060884808588e+01
2.056118353144518807e+01
2.055302803103336018e+01
2.054491086835244928e+01
2.053683244217452497e+01
2.052879657359597232e+01
2.052079565173360010e+01
2.051283896643835192e+01
2.050492625174070582e+01
2.049705487408371951e+01
2.048922362687515886e+01
2.048144233854848295e+01
2.047370731449507986e+01
2.046600319689273562e+01
2.045833762819682278e+01
2.045070660111814931e+01
2.044311056259401482e+01
2.043554999751502166e+01
2.042802405914842723e+01
2.042053469134475563e+01
2.041308836605774957e+01
2.040568228671601148e+01
2.039831997202845670e+01
2.039100201977984383e+01
2.038371726077690127e+01
2.037647009748062032e+01
2.036925861708827767e+01
2.036207861321209478e+01
2.035493347354621818e+01
2.034781583461365173e+01
2.034072982817509967e+01
2.033368321318561911e+01
2.032666892425553229e+01
2.031968845635703858e+01
2.031274316056678231e+01
2.030584004292962419e+01
2.029897586195167136e+01
2.029214502887878879e+01
2.028535530150884014e+01
2.027860563212844980e+01
2.027189506723537704e+01
2.026521728930802269e+01
2.025858040122553305e+01
2.025198248912989030e+01
2.024542212111922268e+01
2.023889733277375313e+01
2.023240719120526521e+01
2.022595306002733295e+01
2.021953096153161766e+01
2.021314167612173662e+01
2.020678781759644593e+01
2.020046546639083473e+01
2.019417260178921580e+01
2.018791171820969765e+01
2.018168060710226186e+01
2.017548122698188706e+01
2.016931260697503703e+01
2.016317271620265572e+01
2.015706488459989387e+01
2.015099955163373480e+01
2.014497810472676065e+01
2.013899145657638812e+01
2.013303453280723687e+01
2.012710994068949333e+01
2.012122245178186120e+01
2.011536199062282293e+01
2.010953277730403244e+01
2.010374140877134863e+01
2.009797992586075566e+01
2.009224797787672046e+01
2.008654999916428707e+01
2.008088459054167529e+01
2.007525457614650577e+01
2.006965674377073583e+01
2.006408932664717071e+01
2.005855253452303444e+01
2.005305079949272695e+01
2.004758460053317037e+01
2.004215623709779948e+01
2.003675996063748599e+01
2.003139420280142957e+01
2.002605450544702137e+01
2.002074870433973786e+01
2.001548337975111025e+01
2.001025520493175947e+01
2.000505977471204488e+01
1.999989834352023266e+01
1.999476548847071555e+01
1.998966212417553834e+01
1.998459579115777629e+01
1.997956337258171189e+01
1.997455782670964908e+01
1.996958458417731919e+01
1.996464300366593747e+01
1.995972838793836601e+01
1.995484104543324833e+01
1.994998567256433475e+01
1.994516161115250341e+01
1.994036406250947024e+01
1.993559635116146111e+01
1.993086429266665505e+01
1.992616356096880992e+01
1.992149256164680082e+01
1.991685018892286507e+01
1.991223750342765086e+01
1.990765303515368601e+01
1.990309984421694622e+01
1.989858330290482513e+01
1.989410205524504249e+01
1.988964790589228215e+01
1.988522179715786109e+01
1.988082465896186335e+01
1.987645957206019531e+01
1.987212899685721013e+01
1.986783201159343548e+01
1.986356988936980628e+01
1.985934320447150014e+01
1.985514162104006175e+01
1.985096881217264198e+01
1.984682847419681551e+01
1.984272161359392328e+01
1.983865511013194194e+01
1.983462502437809150e+01
1.983063258746994251e+01
1.982667407802841453e+01
1.982274403126536555e+01
1.981884279062182941e+01
1.981497397725609488e+01
1.981113558425845866e+01
1.980732777496427133e+01
1.980355476868916043e+01
1.979981432686076914e+01
1.979610103244622366e+01
1.979242380075459806e+01
1.978878647257448620e+01
1.978518303782318455e+01
1.978161093511173618e+01
1.977806993414601422e+01
1.977456041005979159e+01
1.977107992111047707e+01
1.976763624556564736e+01
1.976423610492830818e+01
1.976087453665445182e+01
1.975755110488670852e+01
1.975426459122872558e+01
1.975101193489035367e+01
1.974779163089199230e+01
1.974460626457204881e+01
1.974146454637669024e+01
1.973836487334780188e+01
1.973530239889786841e+01
1.973227141544743901e+01
1.972927558920766344e+01
1.972631431508137112e+01
1.972338931358279979e+01
1.972049559093250437e+01
1.971764187981158756e+01
1.971483384497565083e+01
1.971206523874667127e+01
1.970933661990297026e+01
1.970665124490027509e+01
1.970400634219284797e+01
1.970140126476083609e+01
1.969883638625742606e+01
1.969630844784831680e+01
1.969382576622778203e+01
1.969138428517885231e+01
1.968898047584256261e+01
1.968661355553246040e+01
1.968428112565096555e+01
1.968199102530318712e+01
1.967973749368281489e+01
1.967752259529249415e+01
1.967535210608694030e+01
1.967321932947512408e+01
1.967113016213695431e+01
1.966908725537843949e+01
1.966709058809421862e+01
1.966514339382961296e+01
1.966324790868429062e+01
1.966139988798376592e+01
1.965960208673765308e+01
1.965784998848049980e+01
1.965615147757999992e+01
1.965449930713059246e+01
1.965288650622171573e+01
1.965132757282631459e+01
1.964981782314536218e+01
1.964835508962969257e+01
1.964695823532176178e+01
1.964561817741274297e+01
1.964435054535559999e+01
1.964317534750306038e+01
