2.576523829926642151e+01
2.379842997348038836e+01
2.325218595942385491e+01
2.296800884530989961e+01
2.276631436524644059e+01
2.259503777345955911e+01
2.244522492421430826e+01
2.230866155062658152e+01
2.218372179752919138e+01
2.206738540035643581e+01
2.195806430444140389e+01
2.185480235228958534e+01
2.175627849213394782e+01
2.166219109317881575e+01
2.157269910119900658e+01
2.148753571592786571e+01
2.140494718516215755e+01
2.132642782711471341e+01
2.125046086611380147e+01
2.117720976786543119e+01
2.110660756395130377e+01
2.103863724089098852e+01
2.097243701319496978e+01
2.090856573405231700e+01
2.084674669213690734e+01
2.078599467519734034e+01
2.072703724034050055e+01
2.066956680297690596e+01
2.061347209841625272e+01
2.055868807469419579e+01
2.050517521744300709e+01
2.045305298691194906e+01
2.040214838128229857e+01
2.035219003455712539e+01
2.030261669220789855e+01
2.025438446927564229e+01
2.020715956849136319e+01
2.016054196586048874e+01
2.011508070613744437e+01
2.007040082455660723e+01
2.002659695724039324e+01
1.998332374472879636e+01
1.994088222465614635e+01
1.989918394512272570e+01
1.985813659406420939e+01
1.981778751843226161e+01
1.977808720407799470e+01
1.973900166898527786e+01
1.970063700381668781e+01
1.966283847736632495e+01
1.962561323499320309e+01
1.958890748707541363e+01
1.955271817599018647e+01
1.951700594032029912e+01
1.948185444545771716e+01
1.944722089676895038e+01
1.941303844072713503e+01
1.937927550853316916e+01
1.934603685932135519e+01
1.931330076747702407e+01
1.928096358656086551e+01
1.924908710412075408e+01
1.921765523990781688e+01
1.918659771979241668e+01
1.915596184299369042e+01
1.912550327201735811e+01
1.909559678484545486e+01
1.906610436494901606e+01
1.903697495223898883e+01
1.900824594697832026e+01
1.897987167181403123e+01
1.895187866587962588e+01
1.892423193329273445e+01
1.889692910775675116e+01
1.886977677728630454e+01
1.884308415443796747e+01
1.881672683176973138e+01
1.879062141590289059e+01
1.876482907152614743e+01
1.873936384868070704e+01
1.871416783170180409e+01
1.868925877163081495e+01
1.866463435740003618e+01
1.864028770310576988e+01
1.861622291363571335e+01
1.859239685607212778e+01
1.856871377478234209e+01
1.854536671008428783e+01
1.852228434979732086e+01
1.849942472933079074e+01
1.847680956555341325e+01
1.845444213025475477e+01
1.843230172487485774e+01
1.841038890940959760e+01
1.838868112135970279e+01
1.836717273942898743e+01
1.834591150773349710e+01
1.832476368854511861e+01
1.830384874148677454e+01
1.828311958425785022e+01
1.826261893964856853e+01
1.824219327848338068e+01
1.822206079477238916e+01
1.820210955632886751e+01
1.818234625553901651e+01
1.816276363518916170e+01
1.814333446681017392e+01
1.812400401544709538e+01
1.810488872258326509e+01
1.808561853641935357e+01
1.806682045968341654e+01
1.804817516639082697e+01
1.802961589912422369e+01
1.801129016824987161e+01
1.799310493864276950e+01
1.797506697545721366e+01
1.795718961429217231e+01
1.793944925584417049e+01
1.792183794403933561e+01
1.790439206540531103e+01
1.788707390563914501e+01
1.786992034575801469e+01
1.785290095984063896e+01
1.783600378512596407e+01
1.781921693327841183e+01
1.780255419627815883e+01
1.778601873227869490e+01
1.776962642169913309e+01
1.775335548521140083e+01
1.773718417825049087e+01
1.772106910520937717e+01
1.770514246808022918e+01
1.768926367273974520e+01
1.767356826035434736e+01
1.765799095952290898e+01
1.764250224964485625e+01
1.762712646522643922e+01
1.761186969611559050e+01
1.759671033830241527e+01
1.758165703051384199e+01
1.756669898839348321e+01
1.755184526212046237e+01
1.753709451897421800e+01
1.752243982345425621e+01
1.750788441809340057e+01
1.749320266453260331e+01
1.747884197460854594e+01
1.746455719442908716e+01
1.745038502988010620e+01
1.743630557237453615e+01
1.742231811850258794e+01
1.740842732897750267e+01
1.739462204212148677e+01
1.738091588664299536e+01
1.736711971643562435e+01
1.735357183577133000e+01
1.734012634018771948e+01
1.732677376331270125e+01
1.731350539709679381e+01
1.730031786093633528e+01
1.728721646588035199e+01
1.727421389694815801e+01
1.726130106523629593e+01
1.724847619246630970e+01
1.723573526970085013e+01
1.722306654888374311e+01
1.721046064865254976e+01
1.719794132196074088e+01
1.718550138670265071e+01
1.717314043616141106e+01
1.716084481764055170e+01
1.714857391202220072e+01
1.713641657612346947e+01
1.712434095272255519e+01
1.711233779021598167e+01
1.710040596513536926e+01
1.708854363364731199e+01
1.707675024990296464e+01
1.706502960922344059e+01
1.705335195180923336e+01
1.704176291108672103e+01
1.703024854181280290e+01
1.701880012598999059e+01
1.700740768643571599e+01
1.699607933347632738e+01
1.698481265686550756e+01
1.697361224726617479e+01
1.696247446499342360e+01
1.695141469435155201e+01
1.694042771409039005e+01
1.692944406580516770e+01
1.691858895729600931e+01
1.690780410452170557e+01
1.689708344901128356e+01
1.688643086960507134e+01
1.687584057422726147e+01
1.686530835041916987e+01
1.685483082815526856e+01
1.684434115768978302e+01
1.683398457595730235e+01
1.682369464207124921e+01
1.681346940284117153e+01
1.680329529357373275e+01
1.679317773158591010e+01
1.678297578219460107e+01
1.677295747557114680e+01
1.676299352515972174e+01
1.675308581935750496e+01
1.674323610198270984e+01
1.673325455547442786e+01
1.672350478233710547e+01
1.671380671529013284e+01
1.670416630832211879e+01
1.669457662750986771e+01
1.668503558364191619e+01
1.667556066509995460e+01
1.666612296298816176e+01
1.665676248818342131e+01
1.664745430911982638e+01
1.663819885664701559e+01
1.662899710291452493e+01
1.661984542633628692e+01
1.661074477149105277e+01
1.660164282826684001e+01
1.659264886183856547e+01
1.658370775448540613e+01
1.657481382356695931e+01
1.656596332578368447e+01
1.655716955384173161e+01
1.654842999395527769e+01
1.653973857868520625e+01
1.653109074743899853e+01
1.652248934219142740e+01
1.651393303541758328e+01
1.650542397731693001e+01
1.649696682617317478e+01
1.648855159816647742e+01
1.648018728619668494e+01
1.647187455344019824e+01
1.646360728356476244e+01
1.645538917369654897e+01
1.644722498952355849e+01
1.643911418284897152e+01
1.643104658152965669e+01
1.642302178544519364e+01
1.641503599918445389e+01
1.640709037668982972e+01
1.639918728595840136e+01
1.639132633795455263e+01
1.638343482649551675e+01
1.637565372146820764e+01
1.636790948630928355e+01
1.636020603237884430e+01
1.635254657123527622e+01
1.634492745918567991e+01
1.633734761033331395e+01
1.632980646130957680e+01
1.632229801456380613e+01
1.631482424504731910e+01
1.630739300762698463e+01
1.630000140257125452e+01
1.629264614688409551e+01
1.628532904897229372e+01
1.627805120040531861e+01
1.627081519406383947e+01
1.626361615729223686e+01
1.625643711884665521e+01
1.624930702057223542e+01
1.624220688157639003e+01
1.623514013435609726e+01
1.622811451543888595e+01
1.622112970286023881e+01
1.621418428312421867e+01
1.620727738664601603e+01
1.620040260197758641e+01
1.619356073244209782e+01
1.618660989362003733e+01
1.617983479884087217e+01
1.617308910603609107e+01
1.616637733168831659e+01
1.615970128737688682e+01
1.615305608618296063e+01
1.614644684807324282e+01
1.613987112181627737e+01
1.613332923587999801e+01
1.612682271557342162e+01
1.612035086524024408e+01
1.611385418255437330e+01
1.610745083027960334e+01
1.610108121583530405e+01
1.609468972627443151e+01
1.608838006656236885e+01
1.608210077876701405e+01
1.607585332548129387e+01
1.606963380433681010e+01
1.606344476105699215e+01
1.605709210394963549e+01
1.605095662083344266e+01
1.604485076328086279e+01
1.603877609488128542e+01
1.603273112989028348e+01
1.602671695448158573e+01
1.602072516421284476e+01
1.601476857327927661e+01
1.600884031981038547e+01
1.600294631422725544e+01
1.599701979477552349e+01
1.599118670539820286e+01
1.598537943721101229e+01
1.597960402503584731e+01
1.597386086939052596e+01
1.596814667532600573e+01
1.596245861824427514e+01
1.595679887483880677e+01
1.595116565010673249e+01
1.594556340116024806e+01
1.593999272129013178e+01
1.593445025194266229e+01
1.592893558288412770e+01
1.592345297739553978e+01
1.591799725315125968e+01
1.591256740328891972e+01
1.590716656392198303e+01
1.590179208054853888e+01
1.589644222674170138e+01
1.589111987950741778e+01
1.588582157109437532e+01
1.588054805960344851e+01
1.587529888369808262e+01
1.587007607419696953e+01
1.586487944146849571e+01
1.585970769342006292e+01
1.585456240210059775e+01
1.584944277684810743e+01
1.584434997221116603e+01
1.583928315622267746e+01
1.583423865094925986e+01
1.582921883290159215e+01
1.582412978934764958e+01
1.581915567707621939e+01
1.581420321932376183e+01
1.580927750381921904e+01
1.580438003929396196e+01
1.579950563512866424e+01
1.579465769094390737e+01
1.578983218951419332e+01
1.578502808752710962e+01
1.578023765693652791e+01
1.577547843617929857e+01
1.577073976624022222e+01
1.576602564608252699e+01
1.576133450669505898e+01
1.575666546659831191e+01
1.575201958745098985e+01
1.574739633437482311e+01
1.574279800050486777e+01
1.573822290034849658e+01
1.573366920211777042e+01
1.572914204818799888e+01
1.572463999166801329e+01
1.572013281726072265e+01
1.571566734382498787e+01
1.571122682939948412e+01
1.570680775041194899e+01
1.570240689861356742e+01
1.569802784576685006e+01
1.569366993165431445e+01
1.568933460980133354e+01
1.568502186768527551e+01
1.568073014712601676e+01
1.567646013373373037e+01
1.567221249172534137e+01
1.566798711495502161e+01
1.566378199001149518e+01
1.565960022494911286e+01
1.565543853523743145e+01
1.565129800492098333e+01
1.564708500034204697e+01
1.564298607257707197e+01
1.563890804113962929e+01
1.563485192722225037e+01
1.563081800612368966e+01
1.562680541345361540e+01
1.562281210257619257e+01
1.561882885975542479e+01
1.561484311509026313e+01
1.561091168337738821e+01
1.560699913643810177e+01
1.560310277257436340e+01
1.559922427465237327e+01
1.559536547371761905e+01
1.559152438002494634e+01
1.558770175323176232e+01
1.558389776106858804e+01
1.558010000092552616e+01
1.557632873499648873e+01
1.557257999295021023e+01
1.556885187492713563e+01
1.556514095966854150e+01
1.556144847358569550e+01
1.555775848207265888e+01
1.555410675397823894e+01
1.555047354987582331e+01
1.554685791795781391e+01
1.554326278600836808e+01
1.553968693796473488e+01
1.553606123581010223e+01
1.553251575820394770e+01
1.552898678230371843e+01
1.552547479575359368e+01
1.552198079004100251e+01
1.551850706624533238e+01
1.551505150202433825e+01
1.551161189436721699e+01
1.550818901763531343e+01
1.550478181764865049e+01
1.550139188988962324e+01
1.549801675007240576e+01
1.549465963011472880e+01
1.549131983201948870e+01
1.548799951894368832e+01
1.548469690311961244e+01
1.548141311905918194e+01
1.547814879225669848e+01
1.547490238905327686e+01
1.547167280479804852e+01
1.546844688393923306e+01
1.546525130277214544e+01
1.546207580812931148e+01
1.545892055208862459e+01
1.545563503568141250e+01
1.545251090791574100e+01
1.544940415820985002e+01
1.544631592241821494e+01
1.544324437159045438e+01
1.544018982562096731e+01
1.543715425520434970e+01
1.543407554987213359e+01
1.543107241608058544e+01
1.542808490894759110e+01
1.542511380839812674e+01
1.542215804220826136e+01
1.541921763079812990e+01
1.541629444817743888e+01
1.541338700919952132e+01
1.541049453683236337e+01
1.540761883727866000e+01
1.540476050922224616e+01
1.540191831976927617e+01
1.539909442882026447e+01
1.539628611492917187e+01
1.539349459759328731e+01
1.539072082433788147e+01
1.538794266742421613e+01
1.538520073696464152e+01
1.538247421503741919e+01
1.537976281223575903e+01
1.537707151275169082e+01
1.537439421646405435e+01
1.537173224766692314e+01
1.536908635610437379e+01
1.536645930446396768e+01
1.536384934587079343e+01
1.536125753730553711e+01
1.535868047761780097e+01
1.535612024430924549e+01
1.535357837239253875e+01
1.535105306602195441e+01
1.534854315595628549e+01
1.534604988706442619e+01
1.534357630092152824e+01
1.534112124807128907e+01
1.533838884616799803e+01
1.533596444564340189e+01
1.533349995290214274e+01
1.533108643132528570e+01
1.532870403789554459e+01
1.532633736529927937e+01
1.532398539127684955e+01
1.532161114779385436e+01
1.531928770827540021e+01
1.531697814788925882e+01
1.531468671586577734e+01
1.531241013855819766e+01
1.531015197323528731e+01
1.530791144332351728e+01
1.530568695922988098e+01
1.530347917419194381e+01
1.530128915852841409e+01
1.529911675987299446e+01
1.529696090500956274e+01
1.529481320003536737e+01
1.529268787731737511e+01
1.529057868449884516e+01
1.528848194431493823e+01
1.528640347054181348e+01
1.528432491736871057e+01
1.528227896968370736e+01
1.528025086509853381e+01
1.527824284430244539e+01
1.527625136772019765e+01
1.527427533993323827e+01
1.527231731520686253e+01
1.527037506991493920e+01
1.526844834015442842e+01
1.526653950090570611e+01
1.526464868345347270e+01
1.526277513438312461e+01
1.526091784224924197e+01
1.525906889549696288e+01
1.525724403210220004e+01
1.525538296839851071e+01
1.525358669539635237e+01
1.525180489430175612e+01
1.525003876360528920e+01
1.524828720662815584e+01
1.524655398792496364e+01
1.524484115038990950e+01
1.524314549012595776e+01
1.524146519496187580e+01
1.523980164837115403e+01
1.523815380088197635e+01
1.523652437490455291e+01
1.523491142543532106e+01
1.523331629901518092e+01
1.523172996837672954e+01
1.523017225622810855e+01
1.522863233566301666e+01
1.522711034576272127e+01
1.522560762977559534e+01
1.522412265321640845e+01
1.522265393772441655e+01
1.522111112966932467e+01
1.521964187607905217e+01
1.521820283885358194e+01
1.521679221406050608e+01
1.521540142962908781e+01
1.521402884792732024e+01
1.521267592512817934e+01
1.521134018132899435e+01
1.521001791486030186e+01
1.520871528140531304e+01
1.520742213590464154e+01
1.520615242769569697e+01
1.520489984129871175e+01
1.520366386973126716e+01
1.520244528373826576e+01
1.520124188473715421e+01
1.520004777005804897e+01
1.519887748185051635e+01
1.519772722851619307e+01
1.519656991620296793e+01
1.519545543276197286e+01
1.519435964133459827e+01
1.519328148931771061e+01
1.519222154956395165e+01
1.519117885844407922e+01
1.519015379629998463e+01
1.518914591470498365e+01
1.518815559248243474e+01
1.518718382778797960e+01
1.518622867582257818e+01
1.518529212917546900e+01
1.518437214336250918e+01
1.518346377745195852e+01
1.518246402573159060e+01
1.518159195837334963e+01
1.518073653803147138e+01
1.517990056468820015e+01
1.517908272031146311e+01
1.517828322592098189e+01
1.517750121747973679e+01
1.517673815262969228e+01
1.517592999669258447e+01
1.517519693515566637e+01
1.517448003001746315e+01
1.517377648974209237e+01
1.517309399242731871e+01
1.517241304039980854e+01
1.517176404512768961e+01
1.517113286449320775e+01
1.517052029368773880e+01
1.516992665624947989e+01
1.516934071285051466e+01
1.516878539627235867e+01
1.516822021408157362e+01
1.516770877032799625e+01
1.516722118356815585e+01
1.516675558023509574e+01
1.516629759571562630e+01
1.516586900542533201e+01
1.516548027012524535e+01
1.516512810352328522e+01
1.516481897446809946e+01
1.516446317151014966e+01
1.516420537681939251e+01
1.516381308139704664e+01
1.516336906813074492e+01
1.516492197555924371e+01
1.521426079528116837e+01
1.654693071168649610e+01
