6.569903504795695029e-03
2.841775650267699873e-03
2.119172533154800152e-03
1.664305638118791352e-03
1.327106295418059795e-03
1.064315747255956037e-03
8.587291723133746394e-04
7.008638422128563418e-04
5.739438404617749814e-04
4.772438195654488428e-04
4.040691429224602268e-04
3.470714636133976293e-04
3.004146626348288304e-04
2.635929604674319801e-04
2.329516053318116803e-04
2.064247826282514589e-04
1.866443516418106918e-04
1.697409450969766830e-04
1.565049126486758348e-04
1.468317871523696977e-04
1.393877513097002837e-04
1.335226337492066912e-04
1.291399975221163251e-04
1.252741937389683161e-04
1.218430091707421199e-04
1.197996439318887367e-04
1.180952257565518127e-04
1.167741738119832697e-04
1.157395857929997037e-04
1.147081730895053753e-04
1.141034905735324414e-04
1.136781762345968536e-04
1.133955750620372764e-04
1.131567746107074442e-04
1.129733199422554323e-04
1.129050187871571232e-04
1.125607325627254394e-04
1.123137866328947345e-04
1.122469469148508741e-04
1.121973254388184007e-04
1.118332486366953641e-04
1.116347178766292849e-04
1.115470833101017857e-04
1.114877685836584124e-04
1.114170684529503332e-04
1.112977865528113556e-04
1.112023249155932473e-04
1.111550596721831989e-04
1.111244650410211693e-04
1.111012897234964474e-04
1.109661353601722569e-04
1.108871992765766962e-04
1.107411455545757054e-04
1.106796103260698094e-04
1.106568005330825239e-04
1.106082946322539331e-04
1.105745439545473551e-04
1.105209863633677657e-04
1.103953500073816686e-04
1.102379446594018179e-04
1.101693936343205686e-04
1.099186054609534684e-04
1.098753637928540777e-04
1.097444724634353706e-04
1.096890191030033178e-04
1.096778465850998342e-04
1.096068436258088529e-04
1.095248021600229527e-04
1.094697180944587789e-04
1.094240869002000363e-04
1.093636121856958568e-04
1.093062137693608012e-04
1.092139666767865367e-04
1.089324803517049115e-04
1.089052062727125626e-04
1.088838010451341492e-04
1.081289789805581106e-04
1.080449048440836231e-04
1.079789708159784175e-04
1.079459237455163422e-04
1.077592018308597604e-04
1.077325094950814643e-04
1.077096845841947335e-04
1.076394445736089282e-04
1.075642093208080440e-04
1.074865840315414382e-04
1.072382676645000399e-04
1.071714655469645390e-04
1.071321208657982898e-04
1.069559073024984534e-04
1.068894487616425511e-04
1.068588859706233078e-04
1.067484219628456210e-04
1.067386119219961948e-04
1.066988512909148771e-04
1.066122615678157079e-04
1.064865490036404647e-04
1.064641307077320346e-04
1.063670188189251169e-04
1.063437420154992642e-04
1.059565469175852490e-04
1.058620027024704331e-04
1.058224618031673118e-04
1.057713713121894925e-04
1.056469613517411988e-04
1.056138286799634420e-04
1.054490091073363039e-04
1.052485083485041664e-04
1.052102154185121611e-04
1.049450720417017386e-04
1.047111156311570821e-04
1.044387324108440960e-04
1.042579076514539571e-04
1.041295158434298122e-04
1.039861986002666474e-04
1.039188028113647395e-04
1.036403425709090217e-04
1.033550964969149531e-04
1.032608909772429095e-04
1.028828201320713948e-04
1.025318948367254950e-04
1.020503639310476110e-04
1.017728426118794409e-04
1.014413199456359503e-04
1.011431977696755451e-04
1.012028428607120764e-04
9.927351674234888518e-05
9.874868491211980079e-05
9.792116888680852283e-05
9.745165487779298421e-05
9.674919452776740720e-05
9.617256503571340847e-05
9.587867248187601789e-05
9.557355382342985306e-05
9.509023862875419356e-05
9.462077041016707011e-05
9.359666218750764348e-05
9.276761029711614909e-05
9.199522143755297558e-05
9.118562767789069009e-05
8.999869155123594168e-05
8.968267295880153096e-05
8.892951560217845380e-05
8.800537371211425517e-05
8.760139296833386170e-05
8.687878915218063180e-05
8.669344729636369008e-05
8.600755764752237523e-05
8.507661518517500117e-05
8.507514247510011222e-05
8.355628065495843159e-05
8.302056788505557763e-05
8.358489503135703056e-05
8.393901908102268836e-05
8.510558658606012653e-05
8.527385367355232073e-05
8.678995516203149836e-05
8.687007520048884823e-05
8.689004343349040940e-05
8.753973087541665557e-05
9.067014475208893425e-05
9.442700317130662386e-05
9.640058750146270636e-05
1.016700677547266278e-04
1.050281457531021447e-04
1.135797828954371368e-04
1.202190230204559524e-04
1.330056848951853836e-04
1.501598807523279999e-04
1.693999262933808475e-04
1.849962916643285824e-04
2.296514314467906618e-04
2.768852909382873940e-04
3.301505907546288380e-04
3.596355322786270667e-04
4.258660779676075271e-04
5.392095642142606194e-04
7.055509416114223980e-04
8.806656670859607829e-04
1.135978574665465115e-03
1.394235445965519033e-03
1.782141645101710872e-03
2.349256822307038087e-03
3.000297022303825747e-03
3.869114187007030841e-03
5.070556544936439224e-03
6.429390904138158544e-03
8.370339104371481154e-03
1.094276525688686087e-02
1.415923793937344001e-02
1.866131168617377045e-02
2.338256612077525137e-02
2.812266461345712051e-02
3.343176768703721990e-02
4.173454374497592712e-02
5.335888659499312542e-02
7.295778195091819074e-02
1.068417741257122328e-01
1.853532095045365979e-01
4.713836272366578317e-01
3.878790299404455411e+00
