1.313573102636464638e-06
9.335660072190454553e-07
7.404590432546540205e-07
6.128412701624830232e-07
5.250970224272314085e-07
4.688325741549677118e-07
4.266501088491390883e-07
3.800140970443021642e-07
3.693860646551171093e-07
3.492245970384112494e-07
3.395470483592238457e-07
3.324624402100476115e-07
3.337893059462465979e-07
3.309354274019460969e-07
3.388504555484749062e-07
3.282691274361545463e-07
3.334003337037627749e-07
3.222319557608534250e-07
3.247503309414526882e-07
3.231416731714619688e-07
3.261634353383806330e-07
3.231096803448897304e-07
3.222325405192078469e-07
3.225369382833274238e-07
3.200472664400811484e-07
3.158522949404334400e-07
3.198229488937879627e-07
3.189730402734343252e-07
3.150889742146056257e-07
3.214211396458826116e-07
3.148702305650304273e-07
3.222492944679551542e-07
3.172903182522882271e-07
3.197802986065943249e-07
3.152164200059258127e-07
3.190695441896198640e-07
3.193965704990185684e-07
3.194892543432450186e-07
3.159000245882262099e-07
3.177183762159647619e-07
3.064962689858053326e-07
3.088507513839553108e-07
3.145504273859313798e-07
3.109449259079965839e-07
3.208317023825049133e-07
3.166013111929013317e-07
3.220048576655322506e-07
3.290509195740008733e-07
3.354173401195794604e-07
3.332792918544626433e-07
3.409127431371439491e-07
3.395702291414500548e-07
3.436705393004714411e-07
3.391036461290065622e-07
3.466565080158826028e-07
3.456618498163136265e-07
3.509387810397168088e-07
3.428557068334306324e-07
3.500375580956801656e-07
3.473972911629040968e-07
3.514100715880105243e-07
3.562540609239149921e-07
3.471073648991442764e-07
3.532889195362784281e-07
3.520405707663689649e-07
3.520720383366490989e-07
3.432340442092049510e-07
3.542655333852368353e-07
3.497842172979735882e-07
3.509270760723414981e-07
3.462674794393671634e-07
3.522183388853706309e-07
3.492994194347748595e-07
3.495542258122284463e-07
3.545762955925381358e-07
3.576367060266744245e-07
3.575549237261860021e-07
3.572489606947618199e-07
3.685932521964368250e-07
3.503939798617412350e-07
3.480489008791973061e-07
3.462057324499237884e-07
3.501579823467852334e-07
3.449267350899000210e-07
3.558154210539753535e-07
3.416416153323715621e-07
3.570649300428991870e-07
3.493057575470263279e-07
3.478555315415203732e-07
3.459990638487329858e-07
3.519767434063250366e-07
3.549025852769973382e-07
3.537782725355747112e-07
3.564200780688638610e-07
3.535529190390233242e-07
3.530542197204279978e-07
3.556642298378016492e-07
3.503715753471732642e-07
3.412642983381185061e-07
3.471517883015424149e-07
3.479644947464360291e-07
3.438489214062872432e-07
3.473222430228008030e-07
3.435143480958603397e-07
3.359439788668880944e-07
3.467819771993759491e-07
3.536698355616464775e-07
3.492462417118014407e-07
3.542987832523817470e-07
3.500383646789138721e-07
3.499335283307857389e-07
3.575719069671330313e-07
3.557044077601091432e-07
3.507832700566382595e-07
3.616060699315717598e-07
3.652252956082159000e-07
3.631702665834402125e-07
3.620404246143309018e-07
3.623748831765963240e-07
3.586321856340895137e-07
3.531571925735394540e-07
3.596976964473708586e-07
3.568037587118815801e-07
3.658933506416950930e-07
3.503714711299927923e-07
3.543941134750614227e-07
3.455128631139126809e-07
3.596680837535166171e-07
3.662616122513038457e-07
3.464775567766051667e-07
3.506750650044952628e-07
3.464823082370456353e-07
3.456984428780545147e-07
3.476874180684112142e-07
3.434592868163525507e-07
3.349131747111159215e-07
3.336308963156455818e-07
3.467180595961157656e-07
3.371845729793935125e-07
3.433729837745588014e-07
3.475725804546417812e-07
3.417897915436891422e-07
3.513638993805374923e-07
3.463632402261504777e-07
3.500402028792153499e-07
3.516664337893517005e-07
3.491995719091210536e-07
3.519003876952012811e-07
3.544259471678228427e-07
3.580230668351494228e-07
3.647368866524967454e-07
3.651162383734794200e-07
3.501991064161037033e-07
3.580653109478024552e-07
3.555116476985165501e-07
3.483813471476189592e-07
3.577322598288960692e-07
3.526207611806738727e-07
3.478430261206229329e-07
3.441494775596234219e-07
3.514498270939125495e-07
3.504145732379090996e-07
3.580577043105374729e-07
3.539994205726639215e-07
3.530142534863150513e-07
3.482734853436575426e-07
3.584914946200883584e-07
3.547928708895260467e-07
3.495819063431683739e-07
3.516078506753643491e-07
3.412725654092746453e-07
3.544019334319051384e-07
3.471945852711573584e-07
3.460920532411314138e-07
3.523512771357932271e-07
3.473937347829538278e-07
3.606328795860860598e-07
3.490418437149327817e-07
3.582462710713158804e-07
3.615532187727218253e-07
3.474500132169990929e-07
3.664864890522080575e-07
3.675833419410858012e-07
3.702765145951220250e-07
3.786460454490311895e-07
3.880185508303758697e-07
3.793324559206088837e-07
3.857550567186798149e-07
3.851495681249071832e-07
3.805487690704734433e-07
3.947775741299537862e-07
3.893305442713230438e-07
3.827044374957898318e-07
3.838853390069161414e-07
3.790445460141228033e-07
3.875295954231273578e-07
3.855734027935153775e-07
3.862427178248497951e-07
3.845016457817378444e-07
3.922084484704014656e-07
4.007048028460889656e-07
4.099525099218454752e-07
4.182785713524095021e-07
4.101129256441877010e-07
4.142026340960854215e-07
4.248221802213231265e-07
4.244757642679163487e-07
4.145033036395395511e-07
4.289361004507455809e-07
4.278901444950361190e-07
4.324576878348000674e-07
4.359981195325546998e-07
4.355586135488665122e-07
4.422589504550853325e-07
4.348710872486227003e-07
4.348092012466883144e-07
4.447271826391180506e-07
4.318290914859023107e-07
4.393172896319530230e-07
4.478664787752293110e-07
4.293692448775381473e-07
4.525029218658056492e-07
4.441429736954224043e-07
4.575046000297274925e-07
4.504110309184900218e-07
4.509640230068408943e-07
4.697146062409441544e-07
4.726298394223959707e-07
4.738136103011169288e-07
4.723133944179667687e-07
4.947897491017266336e-07
4.769824792668608200e-07
4.954496808771601722e-07
5.003655603964661727e-07
4.938003226101299465e-07
4.977499125202900064e-07
4.966113152028314660e-07
4.932256157116832814e-07
4.974726400723411283e-07
4.965429689928833828e-07
5.067975791657805119e-07
5.119335141290297405e-07
5.197795718419928814e-07
5.092107270207406424e-07
5.214206101698926894e-07
5.271713887850833736e-07
5.303049740189194019e-07
5.227300364431809733e-07
5.150137701090090322e-07
5.147612465285390880e-07
5.249725789472872405e-07
5.252274898308489492e-07
5.366574192899991966e-07
5.373121400643549352e-07
5.348617586987776548e-07
5.336382399914562706e-07
5.449774717432029982e-07
5.391670993888571973e-07
5.228390291988402565e-07
5.388191011372146503e-07
5.466744278900649499e-07
5.507498433824164676e-07
5.579259927316255949e-07
5.674683331833480899e-07
5.685087515963009466e-07
5.469221341114178025e-07
5.654930210449965245e-07
5.679847789038459374e-07
5.699747987371829403e-07
5.668216757490871168e-07
5.731793993171823844e-07
5.747955795474213421e-07
5.780807977423778227e-07
5.862134586717345059e-07
5.977083500896527399e-07
6.023007052782872252e-07
6.032317662112248538e-07
5.874198077009801578e-07
5.973866875686036657e-07
5.796691031615276781e-07
5.915992132871084688e-07
5.985557259321052156e-07
5.988700950355016280e-07
6.027501583978183525e-07
5.944664782088216110e-07
6.111971370657407260e-07
6.066339902175827475e-07
6.275790971854423182e-07
6.292743898475942212e-07
6.377755439608403630e-07
6.366931545087631650e-07
6.337746421806208762e-07
6.275186257075746225e-07
6.228270994538197499e-07
6.243410376409288611e-07
6.341253728498456475e-07
6.230972120396857822e-07
6.318190231715451411e-07
6.364272733671749087e-07
6.291992207269774344e-07
6.289128320879265604e-07
6.375615076190958122e-07
6.455795998603314860e-07
6.596881413634637231e-07
6.652137212289697450e-07
6.596847130246565321e-07
6.665919508975138030e-07
6.590034708151611614e-07
6.851060035913570892e-07
6.907647157898228897e-07
6.830761535868686509e-07
6.940312639407897045e-07
6.996930590709440581e-07
7.015431333347415479e-07
7.052548943735303169e-07
6.941073939812433911e-07
7.049258790956640928e-07
6.907556548373728380e-07
7.055408748082694348e-07
7.150793322522794793e-07
7.132647314948624608e-07
7.097711118625529093e-07
7.017466982071507814e-07
6.929912172501389749e-07
7.012464084429729817e-07
7.217485348132833332e-07
6.931283497745233336e-07
7.160674995482567518e-07
7.063129550884451706e-07
7.194647426313049395e-07
7.306815923015391567e-07
7.256346103835474907e-07
7.158455393430170151e-07
7.250205753576800283e-07
7.479541288250798812e-07
7.656363079886181204e-07
7.800913003221898894e-07
7.915349884703213269e-07
7.801747566017467886e-07
7.898032383477891189e-07
8.276451956885539992e-07
8.191089967061444134e-07
8.312555503790112428e-07
8.279930716382499278e-07
8.482217157254641138e-07
8.578022746449328533e-07
8.623778915393134442e-07
8.590755529574311969e-07
8.367775311620804921e-07
8.234802031855132464e-07
8.178041853076486842e-07
7.972401996456087154e-07
8.062484972211458605e-07
8.145540604649006062e-07
8.044414944032812159e-07
8.271379962449427280e-07
8.584419535727604429e-07
8.407471928393075165e-07
8.574034784627941904e-07
8.512315761965397869e-07
8.376155864394297161e-07
8.280462526644637996e-07
8.540029352725725057e-07
8.493639263529456896e-07
8.711954255349019877e-07
8.750202632747285826e-07
8.875886576918234979e-07
8.763045932592782842e-07
8.851385977605859720e-07
8.926146809088191633e-07
8.983381795915854338e-07
9.175326467731096829e-07
9.016334632165751244e-07
9.133152558969273912e-07
9.234794797859423081e-07
9.149461241064636166e-07
9.538503641213574064e-07
9.386707286361937620e-07
9.445650289447051737e-07
9.961369442922084238e-07
9.748278680869373938e-07
9.927603521742317227e-07
1.012680041098522402e-06
1.012882485882265669e-06
1.009663792864226228e-06
1.011267044780024647e-06
1.051970206822506865e-06
1.038504078897925716e-06
1.028474636692754875e-06
1.017849170052859388e-06
1.017047067025213120e-06
1.032365402953839271e-06
1.028845673147994210e-06
1.044069558612810963e-06
1.023970692443390671e-06
1.054263471086102338e-06
1.037639097010863700e-06
1.022588160020443136e-06
1.055884864497758135e-06
1.081965767598591186e-06
1.082027485083704898e-06
1.073462480560347474e-06
1.104985045576452582e-06
1.107871720441730143e-06
1.167059921399851009e-06
1.159754790220360284e-06
1.141665597546592314e-06
1.163175137793315447e-06
1.150458189323710464e-06
1.150323477480860558e-06
1.152651190478240695e-06
1.168890390640956838e-06
1.154905317130338534e-06
1.190498867161932469e-06
1.171477610831356714e-06
1.174597764630038232e-06
1.187221657368677590e-06
1.209648232854163563e-06
1.227188349862012578e-06
1.236750732327033242e-06
1.243509169706829882e-06
1.251054298358218065e-06
1.279078661016556479e-06
1.266106587243654858e-06
1.352999850805475702e-06
1.333459682207530578e-06
1.327801413795595980e-06
1.371763057236865426e-06
1.409006249058553152e-06
1.435695583510643596e-06
1.418721737269420047e-06
1.456290035309684451e-06
1.441211210633362608e-06
1.453553997688877321e-06
1.437835881879359804e-06
1.422036743705258780e-06
1.508777551706431882e-06
1.529082583631384213e-06
1.494623973558275060e-06
1.566827383662778391e-06
1.564800590619399254e-06
1.559063084197394625e-06
1.573369322258957601e-06
1.582445173839624531e-06
1.636616787436645847e-06
1.588263903768982176e-06
1.612830211622152312e-06
1.623166084789825802e-06
1.573289988651375679e-06
1.583364284140414757e-06
1.602893417961771907e-06
1.629911821678940585e-06
1.652891822293858670e-06
1.660674367709651528e-06
1.646143757066069012e-06
1.644906712839854675e-06
1.639959785744019225e-06
1.691943212484868023e-06
1.707652883486331217e-06
1.755882880554309096e-06
1.747702484453590296e-06
1.762673789661612327e-06
1.818844282508730074e-06
1.783146200863891665e-06
1.798385633801262979e-06
1.815438159662145614e-06
1.790257086859976467e-06
1.795791580656736807e-06
1.822802845171182170e-06
1.862951270992574215e-06
1.858933833558922437e-06
1.905043916923116023e-06
1.935538232924429019e-06
1.924161794871662378e-06
1.958080655827276501e-06
1.983994564680782143e-06
1.987158416661424033e-06
2.007309509008192832e-06
2.014938694488525765e-06
2.020480729914756456e-06
1.991987997585421870e-06
2.046426761503256570e-06
2.053124613690930395e-06
2.081828581165606735e-06
2.105739645018288014e-06
2.180276858529442414e-06
2.208585875537062112e-06
2.182480604234088368e-06
2.178468911482134084e-06
2.237297155672302444e-06
2.221001948260102928e-06
2.206348692618117608e-06
2.234817755519063807e-06
2.258752792730647804e-06
2.259866868403277726e-06
2.316738394656635957e-06
2.294332064407942980e-06
2.419799563640995047e-06
2.489461967462204962e-06
2.536853822324256708e-06
2.557653134257261399e-06
