2.009054573454359047e-02
1.912356838533908476e+00
3.634827840652981479e+00
5.338394157701412901e+00
7.046990161603502223e+00
8.766686164079173338e+00
1.043920717261712205e+01
1.216861567384467691e+01
1.385327730582247518e+01
1.551070925379947063e+01
1.714542089219610332e+01
1.882765439948591180e+01
2.047537384871101196e+01
2.203706830899081837e+01
2.365894557403677823e+01
2.523104628297933516e+01
2.680713605390926091e+01
2.840282425982069370e+01
2.996625309487761157e+01
3.150730849530968314e+01
3.305339358259545435e+01
3.457779898516705686e+01
3.605086689433592539e+01
3.757371135960814001e+01
3.904764645616554475e+01
4.054881123672377896e+01
4.199118071233758087e+01
4.343337675047371960e+01
4.483186654422631534e+01
4.625047508539352492e+01
4.768642737433201972e+01
4.913313278688862340e+01
5.056353507654028334e+01
5.190825925220207182e+01
5.329270061025997762e+01
5.465216697152735037e+01
5.594988959072912849e+01
5.723217627441449196e+01
5.850752545899135271e+01
5.979362776718607364e+01
6.107470038852691374e+01
6.237502456989476940e+01
6.365505656636958776e+01
6.499804636725382068e+01
6.629854398609944610e+01
6.772062127682049493e+01
6.912518138229299325e+01
7.043764618710062564e+01
7.175305942902865297e+01
7.306188204680378817e+01
7.434434216796725536e+01
7.561899760263285941e+01
7.688723585062361110e+01
7.815582097356976021e+01
7.939422797539356225e+01
8.066281309834003821e+01
8.190434197476278655e+01
8.316234741156871735e+01
8.445365284409500362e+01
8.574096921463376475e+01
8.703886527131366790e+01
8.831577539318986680e+01
8.959372613993197376e+01
9.096065031274143564e+01
9.230676198822480671e+01
9.361298304383431912e+01
9.490949160069158097e+01
9.617235328687354468e+01
9.747042278103079127e+01
9.875253602723806523e+01
1.000344758359678821e+02
1.013308109553483689e+02
1.026873288794943306e+02
1.039758593123768122e+02
1.052683788072473732e+02
1.065935045479277505e+02
1.078752709191797834e+02
1.091707388511707535e+02
1.104549333471112078e+02
1.117673981519185844e+02
1.130743129574389343e+02
1.144004793229849639e+02
1.157934191174507532e+02
1.171424792300565230e+02
1.185052409034014147e+02
1.198262041446172077e+02
1.211763048820880755e+02
1.225302212440699492e+02
1.238681813581018929e+02
1.252144664710627069e+02
1.265484375231074949e+02
1.279099851341086094e+02
1.292996296164979810e+02
1.307544865905072413e+02
1.322115982517282760e+02
1.335790427369707913e+02
1.348816216055484176e+02
1.362173270323707186e+02
1.376437402600359121e+02
1.390708472376106499e+02
1.404264979743689423e+02
1.417778127741852359e+02
1.431546228832240217e+02
1.445723642370029722e+02
1.459002649773276232e+02
1.472545282142643828e+02
1.485761852053904306e+02
1.500702390493632095e+02
1.514857257159326878e+02
1.528464061395447118e+02
1.541201943868221917e+02
1.556553529130128481e+02
1.571261661349722374e+02
1.586465824755574090e+02
1.598957426010002791e+02
1.613308277025504935e+02
1.626783268778561364e+02
1.640632885483481402e+02
1.655535267678117748e+02
1.669766446833995417e+02
1.684824922758565720e+02
1.699149758152418315e+02
1.713271671697347927e+02
1.726536804102364329e+02
1.739671858399108260e+02
1.755169131142295669e+02
1.768279904192165191e+02
1.781845083433623813e+02
1.796045043843519124e+02
1.809580738713783035e+02
1.823331496056405854e+02
1.836600097210981346e+02
1.852015854339630891e+02
1.867880814535566003e+02
1.881577806260107195e+02
1.897066407129402990e+02
1.913087461055270353e+02
1.929219514966881945e+02
1.941797834960171087e+02
1.956715826527800459e+02
1.969320162142736592e+02
1.984383841191639988e+02
1.999875910810491746e+02
2.014577105530986501e+02
2.029961643913649993e+02
2.046614010258400072e+02
2.060642267565360441e+02
2.074543915513590662e+02
2.087470844837078801e+02
2.100234742931518213e+02
2.114608140819125879e+02
2.130197335425497158e+02
2.146946826757765905e+02
2.161242177780398777e+02
2.174550669554860178e+02
2.190545707859078561e+02
2.206060324350029020e+02
2.223226065628806793e+02
2.240301619419178110e+02
2.253370767474395677e+02
2.266415634282718372e+02
2.282140110121708005e+02
2.296862117339525469e+02
2.310460249701750115e+02
2.326991209812078409e+02
2.339954561005857840e+02
2.355432755626472670e+02
2.370609169035874686e+02
2.387228582259824634e+02
2.405053385953880536e+02
2.422444595953660951e+02
2.439318962269853159e+02
2.453926500752352524e+02
2.468423039249113629e+02
2.480831390514216253e+02
2.493803413581887867e+02
2.508320764575978501e+02
2.525718912074865727e+02
2.543554122017584405e+02
2.561491660072156265e+02
2.578027823306814525e+02
2.595505752045446002e+02
2.612759946437823828e+02
2.626170766324103170e+02
2.639311023745158309e+02
2.653771140371608794e+02
2.671569928443998378e+02
2.688250044785154955e+02
2.703653661290360333e+02
2.716424496883887514e+02
2.729729519908751740e+02
2.746867511191078393e+02
2.765512674154720685e+02
2.778044166028997211e+02
2.791654439014640161e+02
2.809130633378499056e+02
2.827356077646066410e+02
2.842423225444504169e+02
2.860058982287853269e+02
2.878341660923065888e+02
2.897219230106836108e+02
2.916270236768312998e+02
2.935019462218563149e+02
2.949372047608824801e+02
2.963402039290543826e+02
2.979846280662006848e+02
2.998997881060554960e+02
3.014784794391500213e+02
3.033136848017790612e+02
3.049581089389259319e+02
3.066549111943421622e+02
3.082167790920977950e+02
3.095413845203428878e+02
3.114355586253936963e+02
3.133087467956401611e+02
3.150039881137585098e+02
3.163259919798389888e+02
3.178091192627134660e+02
3.193359527899694399e+02
3.206088738498577300e+02
3.224801542078527632e+02
3.245743017247060607e+02
3.265418398828280715e+02
3.284719155457657962e+02
3.300502600039042704e+02
3.319388841096704255e+02
3.335739426230211393e+02
3.354282261081991123e+02
3.373302048997490488e+02
3.393062414942801865e+02
3.409584703179233429e+02
3.427079975665643587e+02
3.445199623071811743e+02
3.461581426951290723e+02
3.475621824881675366e+02
3.492617597432272305e+02
3.514152228774596551e+02
3.533888313473038352e+02
3.553230695097061016e+02
3.569832764573237682e+02
3.582685115781289937e+02
3.595187123284378004e+02
3.608736693152827684e+02
3.624277325265401828e+02
3.645759925364407081e+02
3.667807931640761012e+02
3.688024438152452262e+02
3.705691413741787983e+02
3.723757295529878775e+02
3.743607848963595188e+02
3.761236668307834634e+02
3.774149722633089254e+02
3.789320932918158746e+02
3.807336517837695737e+02
3.829953399040922477e+02
3.852343077148373709e+02
3.873052146096770798e+02
3.892462168337117419e+02
3.912623174855946786e+02
3.932648900142160642e+02
3.950978406896367119e+02
3.970407507259267277e+02
3.991354185552139597e+02
4.013024098127061734e+02
4.035004463787104783e+02
4.049842674114973988e+02
4.064864728169199566e+02
4.080285688422155204e+02
4.097723726540911002e+02
4.119006873540562879e+02
4.135926333600950215e+02
4.155801168281560649e+02
4.177354877746427064e+02
4.195323634546984977e+02
4.217770547022071810e+02
4.240129006383510273e+02
4.262121512666991521e+02
4.284020362712485621e+02
4.304864712893498790e+02
4.325814859935924233e+02
4.344232819803772259e+02
4.363498888937618290e+02
4.380510270861185518e+02
4.402414324031045680e+02
4.424271549081910280e+02
4.446532883455820979e+02
4.468558342860072230e+02
4.490370474166719532e+02
4.506469574957544069e+02
4.519008004330940480e+02
4.532049402389702664e+02
4.546917097088777950e+02
4.566667056785447585e+02
4.584809251063724673e+02
4.600275305060899882e+02
4.619199702363673623e+02
4.639022505800998601e+02
4.659403777916566582e+02
4.674302691361636448e+02
4.696118291417866430e+02
4.718376157042287673e+02
4.740399882071789079e+02
4.762787825804466593e+02
4.783333863523868104e+02
4.805234447944182534e+02
4.822450486091501602e+02
4.841222258413887971e+02
4.859761624516146981e+02
4.881025693393248162e+02
4.903299168390652767e+02
4.924589252889456361e+02
4.945506446811155001e+02
4.967603015581279919e+02
4.990159193667348632e+02
5.011124950082800638e+02
5.027555316456082437e+02
5.041899229972482885e+02
5.056014206018293748e+02
5.070394541404987763e+02
5.085277845477077676e+02
5.103994117806631721e+02
5.120367249812280761e+02
5.139333272109711288e+02
5.160782919087956770e+02
5.182719925378598873e+02
5.204689884790022916e+02
5.226078828651105823e+02
5.248485850506343695e+02
5.270582419276483961e+02
5.292254066226216764e+02
5.313669025708950358e+02
5.331622173136573792e+02
5.349426164333339102e+02
5.364087468433946242e+02
5.382219256463586134e+02
5.399058935284263043e+02
5.420012551076279124e+02
5.440367807570175955e+02
5.462554563828743994e+02
5.485289382516856449e+02
5.507547248141246428e+02
5.527187942226968289e+02
5.544851449066791247e+02
5.564906658724260069e+02
5.583026306130461762e+02
5.598287703903968122e+02
5.614322632828062751e+02
5.635055983023396493e+02
5.656394630015943221e+02
5.677712464511163262e+02
5.696267439986406771e+02
5.714236196786985147e+02
5.729561766427237899e+02
5.749453944855661121e+02
5.771521029254591895e+02
5.790740270269479879e+02
5.807699620949774726e+02
5.830340783399935844e+02
5.852397461550197022e+02
5.868399437353521080e+02
5.884836741225914238e+02
5.903993544748840350e+02
5.920977176676021827e+02
5.940555433269776131e+02
5.962570486425406671e+02
5.982901461672448704e+02
6.000854609100039170e+02
6.022892209127763863e+02
6.042652575073113894e+02
6.064808112585676554e+02
6.082688416272631002e+02
6.102318704109715100e+02
6.122974007440074047e+02
6.142900873364037579e+02
6.164543035942584766e+02
6.185529604855378238e+02
6.207875923593434209e+02
6.229672445527133959e+02
6.250863670663625271e+02
6.268216724418342665e+02
6.285770965647199091e+02
6.304299925500791915e+02
6.324192103929193536e+02
6.343380126198100015e+02
6.361614242339601333e+02
6.380816139606733941e+02
6.400815849271334628e+02
6.417600028099155907e+02
6.435632956766511370e+02
6.452897557407595741e+02
6.472104657799051211e+02
6.492756492379854762e+02
6.515003951755612661e+02
6.537410973610866449e+02
6.557296214540181154e+02
6.575785283773905121e+02
6.594968102918487602e+02
6.614039922077320171e+02
6.631835241400195855e+02
6.653277950879366927e+02
6.674770957227083272e+02
6.693197588968840819e+02
6.714192829755510274e+02
6.732210149049845995e+02
6.749686343413728764e+02
6.770006912412097790e+02
6.789654543996939537e+02
6.810689675403482397e+02
6.832454978591205190e+02
6.851301329029021190e+02
6.870541382541244957e+02
6.892889435654074077e+02
6.913442410872580695e+02
6.931967901976636313e+02
6.951860080405056124e+02
6.973307993008563699e+02
6.993410030785020126e+02
7.015116365230311430e+02
7.035041496779493855e+02
7.051402488161696738e+02
7.072451494566463452e+02
7.091986391790795778e+02
7.113625085619779611e+02
7.134823248255371482e+02
7.156798410791126344e+02
7.175828604955318042e+02
7.195363502179654915e+02
7.216474946076396009e+02
7.235791312078816873e+02
7.255067787461358648e+02
7.277462668693166279e+02
7.297302815878269939e+02
7.317755197359699650e+02
7.338101781979725047e+02
7.355432288862332371e+02
7.376550670258185392e+02
7.397417567311350695e+02
7.415249308504558030e+02
7.436959111699396772e+02
7.458545774285063317e+02
7.478604452692092082e+02
7.500673271465803964e+02
7.523487871393682553e+02
7.541473971942040180e+02
7.561903806551365506e+02
7.582115109938777096e+02
7.602565757045432520e+02
7.623406638476942589e+02
7.643803519965507576e+02
7.664908026363137878e+02
7.685112392251435267e+02
7.706544695481939016e+02
7.727016155085915443e+02
7.745342193090601768e+02
7.764330762260144638e+02
7.783373097047776810e+02
7.805003119002875565e+02
7.827349437740926987e+02
7.849879600205346151e+02
7.872342122053463527e+02
7.893658222173899048e+02
7.915796415938687005e+02
7.937773312849208196e+02
7.960549756531980847e+02
7.983185715857813420e+02
8.005641300206825690e+02
8.026246306668638226e+02
8.047465281801559058e+02
8.067059147768311504e+02
8.087291263653044098e+02
8.107429723299817397e+02
8.130030995130100564e+02
8.151440751488502201e+02
8.174042023318791053e+02
8.196487201419137136e+02
8.218209145237422035e+02
8.237175167534859384e+02
8.258029923964585350e+02
8.278575961683987998e+02
8.300400233614119543e+02
8.322406614895855910e+02
8.341801027763240199e+02
8.360095847021933650e+02
8.381384197145937378e+02
8.403109609713778809e+02
8.423360803721066077e+02
8.443892966442240322e+02
8.461637988896575280e+02
8.483070292127082439e+02
8.503265986141493613e+02
8.521437664790998952e+02
8.539326640351837341e+02
8.559343693764207046e+02
8.580148153325396834e+02
8.599376066214176717e+02
8.620407728871167592e+02
8.639306110552294058e+02
8.658360585963363292e+02
8.678230217519682128e+02
8.696578802396459196e+02
8.715560716083691659e+02
