5.493698596141124947e-04
2.764403886010195028e-04
2.209136923306086588e-04
1.918153889644241383e-04
1.718783583911876953e-04
1.581131088654677021e-04
1.485428359005125604e-04
1.429506592204922997e-04
1.361717013895986440e-04
1.325519603623554344e-04
1.304457240121941126e-04
1.280836582528111455e-04
1.258946086193131074e-04
1.247494839340190320e-04
1.234746528097717248e-04
1.226307071693527899e-04
1.218809086320606295e-04
1.209956846002375455e-04
1.203803444105908224e-04
1.199750246906083114e-04
1.192282858603484989e-04
1.184619434015945724e-04
1.181739799287638337e-04
1.178415494159370066e-04
1.175231647397174522e-04
1.171905110308674381e-04
1.169611219593333053e-04
1.168169795049169420e-04
1.167172072401780221e-04
1.166638354254935994e-04
1.158461422001886106e-04
1.156990253937385761e-04
1.155683079966113579e-04
1.153451836591348577e-04
1.152307800116047647e-04
1.151925587516610598e-04
1.151788277970084042e-04
1.151674835447779796e-04
1.151620385359792236e-04
1.151544488107760758e-04
1.151507945435383917e-04
1.151438694219599954e-04
1.151401350654815707e-04
1.150896417989845041e-04
1.150671729346353496e-04
1.146310578654299032e-04
1.145670019000915912e-04
1.145500303291309906e-04
1.145342806446153060e-04
1.145175190530473843e-04
1.145101848747158505e-04
1.145081892132503013e-04
1.144976366212496522e-04
1.144927113092428716e-04
1.144913683589100236e-04
1.144881289280538127e-04
1.144864342217674982e-04
1.144859692078194284e-04
1.144821287169685135e-04
1.144754205727021163e-04
1.144663028162360737e-04
1.144644752774258753e-04
1.144610311515454823e-04
1.142933284450739251e-04
1.142625458713658073e-04
1.142529564931194527e-04
1.142472731831707113e-04
1.142430445007939973e-04
1.142401260869357503e-04
1.142337402480847692e-04
1.142305488263916909e-04
1.142287424271322416e-04
1.141802297064317131e-04
1.141762849393433596e-04
1.141708113480830242e-04
1.141676466996924201e-04
1.141641138734965561e-04
1.141619722354927767e-04
1.141600924286294521e-04
1.141573828238905873e-04
1.141560641154942547e-04
1.140127215454109905e-04
1.138770363898396356e-04
1.138661022912670066e-04
1.138304878600712424e-04
1.138195313128063078e-04
1.138051016317225271e-04
1.137999749124550856e-04
1.137811838496403190e-04
1.137777166858023708e-04
1.137708080943803280e-04
1.137666045630288651e-04
1.137614405848533472e-04
1.128411168220891110e-04
1.127348817008373629e-04
1.127083905024441345e-04
1.126961532497134494e-04
1.126882089263670812e-04
1.126759318937027631e-04
1.126389530691100568e-04
1.126347241731466260e-04
1.126298855894886184e-04
1.126219889902827669e-04
1.126192475301369451e-04
1.126180156254227339e-04
1.126135364177890811e-04
1.126048584262698542e-04
1.125802585461402496e-04
1.125545709239544412e-04
1.125469763007901606e-04
1.125448091245707146e-04
1.125250337001505236e-04
1.125219400339160533e-04
1.124038740589446080e-04
1.124019936556431285e-04
1.123964044560330362e-04
1.123933436593397477e-04
1.123781210331327625e-04
1.123128017933625706e-04
1.123093156947531878e-04
1.123058942446361884e-04
1.123039419765316601e-04
1.123015407606961036e-04
1.122939201914256924e-04
1.122903213084528367e-04
1.122807948417782676e-04
1.122789073668661300e-04
1.122631069099002093e-04
1.122549619573399288e-04
1.122485790242450684e-04
1.122415041464586952e-04
1.122389190144820059e-04
1.122326846767691976e-04
1.122298020714507997e-04
1.122278647422189879e-04
1.122251261113060128e-04
1.121886985315367625e-04
1.121846664251575665e-04
1.121815553446778389e-04
1.121725249605737187e-04
1.121695103979804476e-04
1.121466574440650835e-04
1.121419890769899836e-04
1.121400808417418772e-04
1.121378300505391942e-04
1.121261795274665726e-04
1.120782013483676731e-04
1.120449701126578892e-04
1.120315477182566799e-04
1.120266203921428785e-04
1.120210512552425941e-04
1.120167343447701658e-04
1.120037704688649959e-04
1.119959933909512321e-04
1.119928919551782905e-04
1.119910399030702065e-04
1.119893530545781549e-04
1.119829320687859895e-04
1.119730165329192327e-04
1.119692378581183179e-04
1.119653943271206554e-04
1.119649912206489910e-04
1.119631867081216181e-04
1.119526044030072991e-04
1.119302358063884611e-04
1.119243337427207368e-04
1.118908488243660211e-04
1.118796031758055169e-04
1.118718898379978825e-04
1.118625886500857142e-04
1.118553802357132010e-04
1.118531514981585426e-04
1.118140796272188510e-04
1.118019872056942354e-04
1.117952858029901299e-04
1.117826209023252496e-04
1.117744913509425490e-04
1.117076715757810628e-04
1.116989476610693140e-04
1.116950302383315534e-04
1.116713190853731364e-04
1.116419085891792327e-04
1.116404122619017085e-04
1.116272548349252366e-04
1.116176777948303786e-04
1.116102571029907497e-04
1.116066067137238589e-04
1.115966163616013453e-04
1.115874474376494997e-04
1.115774192011846622e-04
1.115629665159705562e-04
1.115555985808247026e-04
1.115437177698347105e-04
1.115381467415177017e-04
1.115153973821968425e-04
1.114940260727392775e-04
1.114858221810067557e-04
1.114828231434063563e-04
1.114720304820914258e-04
1.114673976621569285e-04
1.114632061693863183e-04
1.114559446868298163e-04
1.114486826155104162e-04
1.114471468661090963e-04
1.114240257956971983e-04
1.114200569029996467e-04
1.114185203035523275e-04
1.114046802861369312e-04
1.114033391798675729e-04
1.113748717744723210e-04
1.113197754554328268e-04
1.112971219767722582e-04
1.112828024486171532e-04
1.112599067659288089e-04
1.112396426806929215e-04
1.112280258736760583e-04
1.111980331655195944e-04
1.111958485045434639e-04
1.111884263864583878e-04
1.111824717051384441e-04
1.111742549953362102e-04
1.111076121216890352e-04
1.110949962399097581e-04
1.110909682841521539e-04
1.110556765604734432e-04
1.109621303341467674e-04
1.109281814812793917e-04
1.109066127544147250e-04
1.109007566617151489e-04
1.109008335611686558e-04
1.108962713975704362e-04
1.108919190321233043e-04
1.108854977978302120e-04
1.108694224246341975e-04
1.108355733961599582e-04
1.107552809809783179e-04
1.107561079777510433e-04
1.107463066352926508e-04
1.107249518012869480e-04
1.106458922667878756e-04
1.106403605621074311e-04
1.106191408487115655e-04
1.106164390556168544e-04
1.106045849233587992e-04
1.105913338928653407e-04
1.105774665579086489e-04
1.105714940890177421e-04
1.105644191563351906e-04
1.105633444249245264e-04
1.105653391848068784e-04
1.105575703972895058e-04
1.105449433956072974e-04
1.104473238928273889e-04
1.104116333694442640e-04
1.103883721295218867e-04
1.103861435191216188e-04
1.103683454706808282e-04
1.103527587411815675e-04
1.103438223610658109e-04
1.103338680711558802e-04
1.102775355163476711e-04
1.102587657123679831e-04
1.102534831189696239e-04
1.102278054710833323e-04
1.101982877657661357e-04
1.101897954237711049e-04
1.101661865619054661e-04
1.101772049336735999e-04
1.101721510358245822e-04
1.101598121086251532e-04
1.101577445677724096e-04
1.101563739845329108e-04
1.101479754058096579e-04
1.101489588058698942e-04
1.101435154516841353e-04
1.101181204867845900e-04
1.100874155922224111e-04
1.100703375629032160e-04
1.100402413741070185e-04
1.100307119047030637e-04
1.100383467905811073e-04
1.100444490671336227e-04
1.100382089956590824e-04
1.100345254963761471e-04
1.100119996247020930e-04
1.100127168856083879e-04
1.099860401926040467e-04
1.099958460553947492e-04
1.097780049941190421e-04
1.097728297202661452e-04
1.097908216895979996e-04
1.098077742185063228e-04
1.097603214636160679e-04
1.096685140766396498e-04
1.095712007753563946e-04
1.094960565974871779e-04
1.093861346738984430e-04
1.092768733574819037e-04
1.092405366511650118e-04
1.091276399624494214e-04
1.091062163417137851e-04
1.090944638286159193e-04
1.090714154755241695e-04
1.090953221959444560e-04
1.090601109761189628e-04
1.090590587449936656e-04
1.090738778396099264e-04
1.090530879211862016e-04
1.090723660574417526e-04
1.090439835776373117e-04
1.090628080766681003e-04
1.090314595986829031e-04
1.089900978384328290e-04
1.089885696971657788e-04
1.089363239728085702e-04
1.087522258084360144e-04
1.086484725213380235e-04
1.085693899111833341e-04
1.084658639550206829e-04
1.085197529012792676e-04
1.083722756170805350e-04
1.081402635445046921e-04
1.080832141788515087e-04
1.080611878155778900e-04
1.080526093398121975e-04
1.080332160293968321e-04
1.079379832414115685e-04
1.079839279537994667e-04
1.079878503892899727e-04
1.079400780108972076e-04
1.079577687978989148e-04
1.079302596239963517e-04
1.079340402994100631e-04
1.078326898434772571e-04
1.075851426142683569e-04
1.075219069331205117e-04
1.074233996146409568e-04
1.073832137233643897e-04
1.073216798812117248e-04
1.072865153029333151e-04
1.072973407363698642e-04
1.072982660696724538e-04
1.074763837447441508e-04
1.071739655083268656e-04
1.070325712943704543e-04
1.069917940851643022e-04
1.068289360785569406e-04
1.070845232945398414e-04
1.070999963166917313e-04
1.071282626721814317e-04
1.073062277005498271e-04
1.073115327370339198e-04
1.073013604581869750e-04
1.072881878305608584e-04
1.072336437149042782e-04
1.068024448852297281e-04
1.068297310517906263e-04
1.069632990157566799e-04
1.072024918576958429e-04
1.071232000254944156e-04
1.072519503507810554e-04
1.071760717675644578e-04
1.071498987842473721e-04
1.073792085180946533e-04
1.073578301375022594e-04
1.073122507749928043e-04
1.073749143612721279e-04
1.074683679328307362e-04
1.082900867128816616e-04
1.083854465565774146e-04
1.086192573859539381e-04
1.089276366953994694e-04
1.089915237168939764e-04
1.090127651917570362e-04
1.095182450394980011e-04
1.103131701985277151e-04
1.102186969749222148e-04
1.105931299233999903e-04
1.115912107404047100e-04
1.126999005593148234e-04
1.134005473501368725e-04
1.143051375571410360e-04
1.144796800028214799e-04
1.149330380039598074e-04
1.179538504644363971e-04
1.210324620559283791e-04
1.228067788092200661e-04
1.251668841628978041e-04
1.272345598819379800e-04
1.301022169149015635e-04
1.339004029165135777e-04
1.355312055098956820e-04
1.368482514685085750e-04
1.388475976857236069e-04
1.383423374481678901e-04
1.380756057892193879e-04
1.437966809613367878e-04
1.500855173031078447e-04
1.570667944504513104e-04
1.671330764695989099e-04
1.698962392589433064e-04
1.697192108560661745e-04
1.765278355150612431e-04
1.889613933822321392e-04
1.916033844552273531e-04
1.926526032614625647e-04
1.946351022544261136e-04
1.997022530504882038e-04
2.037589089749424170e-04
2.117673600170855272e-04
2.146615871648236491e-04
2.193896086991404453e-04
2.335042699177263730e-04
2.400344832601294498e-04
2.560132030204897188e-04
2.642693655585587114e-04
2.680082341834423044e-04
2.785489443149813437e-04
2.885192654451310926e-04
3.120507782750111376e-04
3.226012236331791917e-04
3.438448312208089224e-04
3.614273258666774401e-04
3.679740398592304699e-04
3.814352763455332719e-04
4.096918743305374457e-04
4.322612988227371444e-04
4.382440061880932920e-04
4.545657944392779079e-04
4.769845871261513661e-04
4.888563830630136787e-04
5.181845749438726599e-04
5.529006761056368038e-04
5.752944990846308934e-04
6.090614304510190554e-04
6.522798309518678273e-04
6.613341078496585328e-04
7.014085858712768842e-04
7.371178274328220445e-04
7.529943295826991255e-04
7.933406233861868724e-04
8.205436215326042133e-04
8.348638728305569955e-04
9.297196771869358336e-04
9.821542824581185830e-04
1.000441252568862877e-03
1.043929138538561780e-03
1.071314992026340491e-03
1.115697730488692018e-03
1.156484604727614496e-03
1.193951831078436925e-03
1.263195717693316612e-03
1.296289413715300031e-03
1.368464610154737290e-03
1.448469873631692134e-03
1.523095935305896018e-03
1.568240050772241271e-03
1.568036668861867450e-03
1.608330347442706162e-03
1.631470361660762635e-03
1.703946353142748570e-03
1.736824383894982303e-03
1.764339315963772258e-03
1.773316789859165962e-03
1.809580183743642349e-03
1.852745524128256464e-03
1.935712632261500123e-03
2.003481514127730938e-03
2.122250170642155358e-03
2.212017071929091305e-03
2.258574527296766318e-03
2.288910542118892215e-03
2.355115422790885274e-03
2.442024767016288261e-03
2.519712449897288601e-03
2.555759235088055255e-03
2.675303907218642627e-03
2.743733572652444063e-03
2.947627023078959289e-03
3.091287073327449869e-03
3.207828678039957322e-03
3.367545836222020882e-03
3.498113331246305736e-03
3.711000794142724560e-03
4.080191524561971490e-03
4.245513489510620644e-03
4.567918523992055280e-03
4.878816272338314455e-03
5.142656148854913428e-03
5.557963777479584151e-03
5.922782401717467150e-03
6.190833543776770760e-03
6.639701480151327141e-03
7.384151901326180614e-03
8.233676748141875376e-03
9.261492738881367190e-03
9.873934404636219506e-03
1.068131341047332504e-02
1.199829151055544635e-02
1.343134236707108076e-02
1.508166509687107817e-02
