1.109928999047400319e-02
4.808100311942430267e-03
3.585402290677679963e-03
3.367568845070249058e-03
3.316840924064917186e-03
3.305212606782568282e-03
3.302693424172279107e-03
3.297848216646740837e-03
3.296561582202126722e-03
3.293380647969779661e-03
3.291260606758062476e-03
3.281660794866075349e-03
3.277495783927937816e-03
3.275652454494501053e-03
3.273879612631303265e-03
3.272447082968640147e-03
3.270640440501101746e-03
3.267204347608298164e-03
3.271051964736839974e-03
3.268803301705387916e-03
3.266798800549670836e-03
3.265295728612486841e-03
3.265500690522203826e-03
3.264843890589086764e-03
3.263387164958456155e-03
3.263556377000569574e-03
3.258877703320162827e-03
3.252454109969416494e-03
3.252308252442634700e-03
3.251404034509050404e-03
3.249786106728439622e-03
3.249120829117775177e-03
3.246016936405608441e-03
3.245484028919213681e-03
3.243865076737128227e-03
3.239932284791171603e-03
3.239694590977392451e-03
3.238140869177748033e-03
3.234305935510475762e-03
3.231646282685279609e-03
3.230426063586856484e-03
3.228610318661837182e-03
3.228446669559120654e-03
3.226875419304250318e-03
3.226009241026060390e-03
3.223745290084112196e-03
3.224297352135864405e-03
3.222413045001794752e-03
3.221977847853621079e-03
3.222712062423397153e-03
3.221836609256885017e-03
3.223830679674532379e-03
3.218352321365814013e-03
3.219185989277352153e-03
3.217113607339638828e-03
3.216100034263254075e-03
3.212369526617675324e-03
3.210260777889314965e-03
3.209589040039283192e-03
3.199392199818723321e-03
3.202810853779762112e-03
3.199658275730558367e-03
3.199202092072097724e-03
3.198858495627828445e-03
3.196583462706692642e-03
3.197178830119509329e-03
3.195212546267559624e-03
3.195654871161310220e-03
3.194266925300623741e-03
3.195550323857331270e-03
3.194930085276180987e-03
3.192205640435923086e-03
3.191919592826812039e-03
3.193121242971668113e-03
3.183854431355914814e-03
3.180478474867521645e-03
3.181373461125903013e-03
3.180569363759366656e-03
3.181347465679659064e-03
3.178027873486999680e-03
3.177681777913542952e-03
3.176069229813558055e-03
3.175137231636432442e-03
3.172431200721564232e-03
3.172336759431118244e-03
3.172769464010910621e-03
3.173215183000022317e-03
3.173314791887810096e-03
3.173247386932807976e-03
3.170568374458741269e-03
3.170607162380748804e-03
3.171383911691897164e-03
3.167933409855561763e-03
3.168893895877353522e-03
3.166528693103359913e-03
3.169120840076600394e-03
3.167509195856782825e-03
3.167344890643888824e-03
3.168134873147059397e-03
3.166634167176926151e-03
3.165812034570018776e-03
3.163857517290461288e-03
3.162407875969085787e-03
3.161203657973789185e-03
3.159905846648260359e-03
3.156268317070728014e-03
3.155533704691461296e-03
3.154701421011118102e-03
3.152946610500579564e-03
3.149423453500945283e-03
3.151881344129144925e-03
3.145619416571049029e-03
3.140670751761299832e-03
3.139622905878967658e-03
3.135133770572584057e-03
3.133502811757402865e-03
3.135796299114168052e-03
3.128948124261312930e-03
3.130284600192592779e-03
3.129171691793437675e-03
3.125199914076289432e-03
3.127954904713918429e-03
3.128754763767568805e-03
3.129992264099703755e-03
3.119228088229716433e-03
3.117772242966707942e-03
3.114999398926211315e-03
3.114711539071268569e-03
3.115686704750478351e-03
3.113735418117465417e-03
3.114372637146648609e-03
3.113855242656250570e-03
3.115855770218115689e-03
3.113822590547629925e-03
3.111045180241682039e-03
3.113340367325436158e-03
3.110096076627857399e-03
3.109403731201610278e-03
3.106027730503709092e-03
3.106230804348607873e-03
3.107244862826152431e-03
3.108198115579783108e-03
3.105769164353760613e-03
3.101972169437482423e-03
3.100202471103817668e-03
3.092723479213019006e-03
3.092411218428452180e-03
3.088492403194908857e-03
3.091910695314331083e-03
3.088046624175065473e-03
3.086252089566765729e-03
3.085121762590134400e-03
3.084244054803582987e-03
3.077806496621065657e-03
3.082586285515098983e-03
3.078920124297353841e-03
3.078856623471807642e-03
3.076466936237511052e-03
3.080121086653469457e-03
3.078830995771890573e-03
3.079364571872299748e-03
3.080967325370910330e-03
3.081654686950865193e-03
3.077695146206812365e-03
3.078673691273325127e-03
3.075668020196332172e-03
3.076933822709208496e-03
3.071838903588078838e-03
3.068398064480362848e-03
3.067296568165064213e-03
3.068259854704089452e-03
3.068921646946424012e-03
3.070075005119854861e-03
3.068671763476831481e-03
3.063694984094849066e-03
3.066544909723208263e-03
3.062412554931446748e-03
3.056405763413620833e-03
3.055882450998099326e-03
3.050771731653939556e-03
3.049781249162522752e-03
3.049588966355051747e-03
3.050140562395067811e-03
3.049071432978369724e-03
3.039717189183103584e-03
3.041176546193002320e-03
3.040662211430331108e-03
3.041558676993343525e-03
3.039726868834130482e-03
3.037635387370543963e-03
3.034848835761893432e-03
3.034147092030399853e-03
3.026589105243052222e-03
3.029008113456051112e-03
3.025059516715030219e-03
3.024661274230952285e-03
3.029485697371326215e-03
3.029480063292908868e-03
3.028393615629237142e-03
3.016885587647394253e-03
3.015340051901875627e-03
3.015748693111237194e-03
3.013745817071351949e-03
3.013257935477491132e-03
3.014202010232114749e-03
3.010526266134982455e-03
3.009596085545156261e-03
3.002755119355623222e-03
3.002022356492341747e-03
3.004666587161453160e-03
3.000884172751371905e-03
2.992160104020420968e-03
2.991932761824508090e-03
2.989034475537220067e-03
2.992151322546833178e-03
2.995601561710776496e-03
2.991998543180145881e-03
2.989776623829279879e-03
2.979991822303502610e-03
2.973890835719226761e-03
2.974698546323636516e-03
2.974759354528981256e-03
2.971562541272915019e-03
2.971299133656971937e-03
2.972400455199562547e-03
2.971757008626514651e-03
2.970647430341497117e-03
2.967275409994513721e-03
2.968181854044335544e-03
2.960777605087752846e-03
2.957810880721811839e-03
2.957339836753717331e-03
2.954929656833834954e-03
2.954240320584069612e-03
2.943216345428547546e-03
2.946107804452456364e-03
2.939029420681302848e-03
2.931268374929935517e-03
2.925701335809717443e-03
2.927382546588732249e-03
2.927344090623672755e-03
2.922394267203444734e-03
2.927935162125366517e-03
2.912288473219495563e-03
2.917284211855338417e-03
2.915108345493800691e-03
2.910356894359358935e-03
2.912542532329707827e-03
2.908506587433968595e-03
2.903720229284581598e-03
2.896116777623518324e-03
2.888944150249521652e-03
2.887863815702396315e-03
2.884556451290870484e-03
2.884237712060715945e-03
2.881904090398701348e-03
2.882823990187242599e-03
2.882756129640629602e-03
2.877511479000358172e-03
2.879068518234667671e-03
2.873900715177831865e-03
2.879346496778160350e-03
2.876992331267088504e-03
2.875267204925662304e-03
2.873001314126942801e-03
2.864950778162813055e-03
2.858885771038666319e-03
2.852259795300066906e-03
2.854118056345517768e-03
2.854456538152656559e-03
2.845473327461011271e-03
2.841253922627925196e-03
2.838475001616350309e-03
2.839300076990332843e-03
2.837951697293832499e-03
2.838994162585898803e-03
2.833318347664387331e-03
2.826187487075665361e-03
2.825214348399370488e-03
2.825375031865159144e-03
2.823202971363759309e-03
2.820181417911645557e-03
2.817845176404789893e-03
2.809898120788298977e-03
2.810872922889628284e-03
2.803447654923315810e-03
2.801746387585033436e-03
2.789448663392397366e-03
2.789354346015430683e-03
2.782388125095308466e-03
2.789017481674433384e-03
2.784737275760361397e-03
2.783502221286335374e-03
2.787452570960701186e-03
2.786680234522441978e-03
2.773864225903247514e-03
2.752184043758598708e-03
2.760759278931455406e-03
2.753844405950204091e-03
2.755384506345976911e-03
2.749121938854768871e-03
2.748451324686003189e-03
2.743326469929887462e-03
2.744097438748021017e-03
2.743785182328269123e-03
2.738545524740788797e-03
2.736038488718857582e-03
2.733112404514753072e-03
2.735894238628192726e-03
2.733869243927359530e-03
2.727408221920024200e-03
2.731387993451792236e-03
2.718490221841517434e-03
2.717228111964948081e-03
2.717524251572397704e-03
2.709928283428798129e-03
2.712381776764276418e-03
2.713874542869421525e-03
2.701888563165688074e-03
2.700999752568894290e-03
2.701167151459716274e-03
2.698986297606108167e-03
2.696779108602417267e-03
2.702753234430700126e-03
2.692093986724265666e-03
2.686042750695499283e-03
2.687694483469059946e-03
2.688552652166823452e-03
2.685001856078323475e-03
2.682377436225011954e-03
2.682311729102711522e-03
2.666825058294027863e-03
2.664402406804467893e-03
2.656602106315402324e-03
2.655074537346736006e-03
2.658044586986363193e-03
2.648402718392592163e-03
2.651311067769994857e-03
2.644638828990770931e-03
2.640656940767401820e-03
2.631086619840055513e-03
2.637797630863837617e-03
2.636218183628437177e-03
2.644738638609372625e-03
2.647358486566918530e-03
2.649336568750703617e-03
2.643404963110811828e-03
2.640593123142012753e-03
2.636699650725568642e-03
2.631250670007958311e-03
2.618961062456597131e-03
2.618175581258303571e-03
2.627301577204685379e-03
2.618874656454891516e-03
2.622124880993401477e-03
2.612345630210549403e-03
2.599705009693364498e-03
2.599114711010672239e-03
2.593440790983864153e-03
2.587020831876046551e-03
2.570256187822166170e-03
2.559347604844203379e-03
2.562785975033901424e-03
2.556146392765122968e-03
2.543429547907541648e-03
2.555598141207442945e-03
2.543643234444078246e-03
2.541322881072666153e-03
2.545318727727392209e-03
2.530454383015021298e-03
2.517335681028206370e-03
2.523308078556831761e-03
2.517444827928949982e-03
2.523220308811222317e-03
2.512053084932917239e-03
2.507460758525269489e-03
2.513112771832991255e-03
2.494939187223768444e-03
2.492033869219537328e-03
2.475844091485764325e-03
2.473841859143949620e-03
2.467497353750475880e-03
2.466588187974367869e-03
2.475484723866222189e-03
2.468289442897844514e-03
2.470381428555171611e-03
2.479782311538726493e-03
2.468907866664944023e-03
2.478905798921832333e-03
2.465277682279921022e-03
2.460350891402789293e-03
2.449718904565088232e-03
2.460688607212562287e-03
2.462861801273510867e-03
2.460131852440477097e-03
2.451530707307538869e-03
2.454380561729736874e-03
2.462891369832168401e-03
2.440793119106709000e-03
2.449246729190768940e-03
2.434310680526362985e-03
2.419946699207251202e-03
2.421513262056363726e-03
2.409002313378336233e-03
2.402737714495741927e-03
2.413200551790942693e-03
2.390141630257640488e-03
2.389133921307521474e-03
2.381901526882426647e-03
2.350962120689449163e-03
2.365314494644512721e-03
2.363631262447855267e-03
2.357827859617501153e-03
2.365414799579820034e-03
2.370737640773243858e-03
2.360401500112918344e-03
2.346237532801112840e-03
2.335331618858774074e-03
2.332236250278616092e-03
2.355389888255180614e-03
2.349586768635814581e-03
2.328841290636420210e-03
2.311682281218464113e-03
2.297249482133423368e-03
2.317825732196959233e-03
2.292334891598156454e-03
2.304466742758776599e-03
2.309416406597798298e-03
2.301432451868673512e-03
2.298142680344571458e-03
2.308253444061611828e-03
2.316545881110250449e-03
2.308518791841943866e-03
2.284658444540535634e-03
2.268464947025696996e-03
2.277011094752882416e-03
2.261112052059947083e-03
2.259832176980174686e-03
2.271287719817965522e-03
2.274477698111595884e-03
2.260185520181617023e-03
2.278129157264117358e-03
2.268913133596566541e-03
2.279689204237695440e-03
2.270739102463960844e-03
2.270692594473171580e-03
2.280570659130312389e-03
2.275441266582087577e-03
2.268701154909696319e-03
2.278157743223491703e-03
2.281760778498097015e-03
2.275293380225305081e-03
2.268016169283077442e-03
2.280676610733619204e-03
2.259308558350041352e-03
2.256079354701107272e-03
2.243320547470379397e-03
2.282226314284149099e-03
2.274525068494296070e-03
2.255435443515701674e-03
2.239863416078137145e-03
2.243498672339112789e-03
2.216768768236598939e-03
2.245907272446549807e-03
2.248957242253813143e-03
2.243574880747692575e-03
2.245066272631143344e-03
2.218847002851919575e-03
2.213285844602039081e-03
2.211774109656353127e-03
2.201112194713607945e-03
2.239076159799500022e-03
2.264095948591498143e-03
2.234032012140226703e-03
2.258800399217057459e-03
2.257620931047429804e-03
2.320167166415775407e-03
2.281277730409531426e-03
2.295405121846907925e-03
2.275678092721540677e-03
2.280060728851546811e-03
2.283324918642922353e-03
2.260502228039287277e-03
2.238896288132751801e-03
2.267517209237224912e-03
2.244462770873952365e-03
2.275247217303794523e-03
2.257541579665752959e-03
2.279176121618603588e-03
2.289057280938654442e-03
2.278336365291412299e-03
2.286674429129911118e-03
2.325429889099240362e-03
2.314581467032530721e-03
2.381898739938831042e-03
2.390213797034311787e-03
2.366846130982013137e-03
2.368483788963020569e-03
2.400044257044236639e-03
2.491681849780937822e-03
2.418248163392702592e-03
2.442131573552597940e-03
2.449595953412300221e-03
2.492663818971408915e-03
2.480310063493172852e-03
2.491054397545643031e-03
2.459687968528942708e-03
2.480529104132986936e-03
2.494486660389058728e-03
2.520516611654702571e-03
2.564586678984400164e-03
2.531597912796854175e-03
2.561247217586543837e-03
2.688232293799024640e-03
2.648785052224224799e-03
2.657963770245027214e-03
2.705988007304232189e-03
2.707501677031805797e-03
2.758208004607843461e-03
2.818112547562917104e-03
2.881928312821207053e-03
2.908874662146863910e-03
2.970328516685333785e-03
2.926855735329316876e-03
2.925234967771400858e-03
3.020925678409918345e-03
3.153642059433791993e-03
3.188226767295186323e-03
3.234208034672943904e-03
3.361345139231938003e-03
3.357516767301968116e-03
3.399325040884206093e-03
3.458422514295742770e-03
3.592486382186101546e-03
3.552655367697962405e-03
3.574547888816925409e-03
3.614618146624256137e-03
3.705369808441404556e-03
3.748350285412605995e-03
3.773073312514702102e-03
3.933797682814261024e-03
4.067054804657820044e-03
3.998623806660783937e-03
4.148513093182050124e-03
4.119551575325811239e-03
4.347066169552491963e-03
4.448640017521710011e-03
4.600976589908798570e-03
4.634271827398907771e-03
4.722138436182274183e-03
4.908456418748609849e-03
4.929354501683186687e-03
4.896542850420458268e-03
5.051871469929990199e-03
5.047933608370459152e-03
5.126039006820255935e-03
5.332358249361610070e-03
5.514502114187603068e-03
5.891714538970300834e-03
5.911946988135128797e-03
6.001572040047631167e-03
6.137503419739290082e-03
6.251318692286141239e-03
6.255454384393464677e-03
6.461502724665339065e-03
6.682519452026078506e-03
7.185237907594384764e-03
7.400762080979524267e-03
7.539056360335533689e-03
7.846522438591931742e-03
8.032440993141256799e-03
8.333169264053554709e-03
8.523523630378648450e-03
8.795837286263562260e-03
9.274929482718626689e-03
9.691750413245525317e-03
1.005013350281154863e-02
1.052971016017091241e-02
1.080721148706921542e-02
1.124342319990566386e-02
1.170286607559038045e-02
1.219582431963215328e-02
1.312274274208684831e-02
1.351205365503660959e-02
1.421094554147738984e-02
1.451968761936518401e-02
1.502062624657933033e-02
1.563895148863118228e-02
1.635035634969087687e-02
1.766054061890150878e-02
1.856242194810780316e-02
1.970582205826445013e-02
2.120684444885399464e-02
2.216776524365072013e-02
2.336577089863379683e-02
2.486398504358110217e-02
2.593697753983495100e-02
2.776057126719158608e-02
2.971736419261338663e-02
3.089654226442951901e-02
3.291789781475903953e-02
3.438157352366066899e-02
3.641495144223214075e-02
3.745597941920012636e-02
3.974154005363556008e-02
4.088423143513967434e-02
4.420320986144889858e-02
4.688445591666706713e-02
4.936810513523391675e-02
5.181709079171664678e-02
5.505614860837353824e-02
5.980992706389934299e-02
6.426106649160666373e-02
6.846523273835020129e-02
7.534060618805277221e-02
8.030543721581188954e-02
8.430730412246816019e-02
8.947818060867827883e-02
9.621144756395715036e-02
1.048924639183144852e-01
1.124019584264186883e-01
1.210957860197621055e-01
1.300691996076764889e-01
1.383392736920940613e-01
1.476265048194034257e-01
1.572973711318373657e-01
1.638641546503691593e-01
1.732176226910338290e-01
1.854191850302105704e-01
1.966578593975926159e-01
2.082076722222796494e-01
2.199118525875965457e-01
2.326840147533769387e-01
2.479797272421154219e-01
2.672068367250661214e-01
2.828347595159367289e-01
2.982169543889965357e-01
3.179756616915645484e-01
3.441558576188065710e-01
3.682976453535747874e-01
3.990573105582838620e-01
4.374745124584187850e-01
4.809706675197489290e-01
5.270589489745575174e-01
5.883796963211618269e-01
6.608729816004281776e-01
7.479628395104063188e-01
8.670626189778970483e-01
1.048546290262031722e+00
1.315257626030950977e+00
1.784558189293161234e+00
