2.216420315971714090e-05
4.177495176494134983e-06
2.681714619125353964e-06
2.437722619485404477e-06
2.402103661629657071e-06
2.395581501689888543e-06
2.393073081839356797e-06
2.390893427830037053e-06
2.389103025583739519e-06
2.387566765525550329e-06
2.386295500962227848e-06
2.376195328048039688e-06
2.375576915207419708e-06
2.375280614751323441e-06
2.372461745533872777e-06
2.371004274559514265e-06
2.368711218380551691e-06
2.367496179789358051e-06
2.363464847897480081e-06
2.363032030334554730e-06
2.362521582934724127e-06
2.361704704619281348e-06
2.361423702324857213e-06
2.361185221118327126e-06
2.360304648776132483e-06
2.359817057218160730e-06
2.352590847901709427e-06
2.351487062067546779e-06
2.351277525795345240e-06
2.350547212124062731e-06
2.350195080019304206e-06
2.348823168187207452e-06
2.347215752760504422e-06
2.346037920063967909e-06
2.344756842264690510e-06
2.342153510258760008e-06
2.339803148012160017e-06
2.339221981448581864e-06
2.337424389122185470e-06
2.334936208297949694e-06
2.333416710374622578e-06
2.332907931527769086e-06
2.332263927443042494e-06
2.330618922019078148e-06
2.330036772797466394e-06
2.329526076646158272e-06
2.328958700918239368e-06
2.328413539183463210e-06
2.327965824709552405e-06
2.327544881029792074e-06
2.326952501141600491e-06
2.326683569037708321e-06
2.325895417002072518e-06
2.324395959310018705e-06
2.323777488933367800e-06
2.322826128405753701e-06
2.318644058556218656e-06
2.318193031766992057e-06
2.316912168128368573e-06
2.311683293841552319e-06
2.310717826956276305e-06
2.310097859827724496e-06
2.309864961819384900e-06
2.308149476324792120e-06
2.304601649393868497e-06
2.303640231657832248e-06
2.302838305423976980e-06
2.300745547288618005e-06
2.300361911546618349e-06
2.297561984976405780e-06
2.296268577501757523e-06
2.295685050764875068e-06
2.295136158969601086e-06
2.295003375688400733e-06
2.289516447281167828e-06
2.288940499381063888e-06
2.287483898242350894e-06
2.286926148430859463e-06
2.285382299042999650e-06
2.284507827052992094e-06
2.283231194426832060e-06
2.282899336942710309e-06
2.279234423234899771e-06
2.277102668138476035e-06
2.276663256997219365e-06
2.276155642461356124e-06
2.275678603669470775e-06
2.275284240631628291e-06
2.275018804934459296e-06
2.274084373499420287e-06
2.273913074419062925e-06
2.273302338545504589e-06
2.270776616601435124e-06
2.270123282844552460e-06
2.269366504034913714e-06
2.269228958973641957e-06
2.268657765014697272e-06
2.267119348095633572e-06
2.266803669698400387e-06
2.266582204768898246e-06
2.265251633755101424e-06
2.263033088299729743e-06
2.260633717888996889e-06
2.259899299449975935e-06
2.259597586979762020e-06
2.258175374339088534e-06
2.257522170388792932e-06
2.256394150719863513e-06
2.255370493299417300e-06
2.254026658266802112e-06
2.253236558233495359e-06
2.251941799661626853e-06
2.244150874061560166e-06
2.242644036771228156e-06
2.238289813629565732e-06
2.237755075748293652e-06
2.235480673213457924e-06
2.234221450028250478e-06
2.233396967700786975e-06
2.232604487699162056e-06
2.232024558870931467e-06
2.230788756442229728e-06
2.230399861781922040e-06
2.229744706431926854e-06
2.227188043971599275e-06
2.223845033769692043e-06
2.223673664724500906e-06
2.221541204440944388e-06
2.220555943164489908e-06
2.219795645778872302e-06
2.218212381999377451e-06
2.217849914848941077e-06
2.216785531624531184e-06
2.214909284866062359e-06
2.214431357959242005e-06
2.213148991341577876e-06
2.211950265994490861e-06
2.211467039210488424e-06
2.208625744410616709e-06
2.207240935205857131e-06
2.206843552196602489e-06
2.205383177256682273e-06
2.204021068025119366e-06
2.202213993769624409e-06
2.200175532964385435e-06
2.196519529032097112e-06
2.196219860357675203e-06
2.195285470700012159e-06
2.194301540174501892e-06
2.193574744304516733e-06
2.191565730398107495e-06
2.190906631009325492e-06
2.189582577930072220e-06
2.188138394398567544e-06
2.186267847605582050e-06
2.185661913660670773e-06
2.184051864323840877e-06
2.182959217018225898e-06
2.182282812531668777e-06
2.181425431052288630e-06
2.179973171885987642e-06
2.177881036701850829e-06
2.176793806225500752e-06
2.175368850527184241e-06
2.175157940740314679e-06
2.173274518457213676e-06
2.172046540171714721e-06
2.170810218337113651e-06
2.169665449258183776e-06
2.169030614309794457e-06
2.167044280666352212e-06
2.166115073299361181e-06
2.165070790453310809e-06
2.163376194529383890e-06
2.162562113171951022e-06
2.161026861047152277e-06
2.157911849235332661e-06
2.156416274009086724e-06
2.155341187663839567e-06
2.152516522043275063e-06
2.151341215339607014e-06
2.151437127761546102e-06
2.150376197266356007e-06
2.146577307943368830e-06
2.144321707334698318e-06
2.142963442634117887e-06
2.141605387289169974e-06
2.140006826247529957e-06
2.138943582474503077e-06
2.136577721381598060e-06
2.135014922769691658e-06
2.134143386155103669e-06
2.131246401221513195e-06
2.129427938800732659e-06
2.127689543611344600e-06
2.125373051586520535e-06
2.123146925285819322e-06
2.122264642820578683e-06
2.121226356945147751e-06
2.117749238805298532e-06
2.116186093756741367e-06
2.114864125228054788e-06
2.113438988727898967e-06
2.112678035366352928e-06
2.111903613894151625e-06
2.110732298847505618e-06
2.108593171057202172e-06
2.105392441061512587e-06
2.104549482389501386e-06
2.103569190511238920e-06
2.100748735900857581e-06
2.098179828697101945e-06
2.096015954432747847e-06
2.094939626078261196e-06
2.092858142100001449e-06
2.090938031405778928e-06
2.086918666704733987e-06
2.081900592700325522e-06
2.076486672360739347e-06
2.071475439443951927e-06
2.069895504362709324e-06
2.069013799429166805e-06
2.067899935121963437e-06
2.066600608406090807e-06
2.064600101804308547e-06
2.063472966825847171e-06
2.062823297255890440e-06
2.060364676709560323e-06
2.059174018668518317e-06
2.058054129376654990e-06
2.054190108327316263e-06
2.050055550366119807e-06
2.048911217448791423e-06
2.046844865245974181e-06
2.039604604990370931e-06
2.038669529408445179e-06
2.036766902934875060e-06
2.032857093359092997e-06
2.028992148717373242e-06
2.024839620245422942e-06
2.021449357049369774e-06
2.016102551497138562e-06
2.010809173621742521e-06
2.004842859807093219e-06
2.001075311383367648e-06
1.998614435141992125e-06
1.997780493644448528e-06
1.997071828540137441e-06
1.991757400050297433e-06
1.989587794294185086e-06
1.984293731346230247e-06
1.979393313130752921e-06
1.976918990195846867e-06
1.975868694481202115e-06
1.975479746126398899e-06
1.974393971296218372e-06
1.973688930446432655e-06
1.973142962810399616e-06
1.971119224486348876e-06
1.969381769135692119e-06
1.966516319512222579e-06
1.964657362925669081e-06
1.962599342052172578e-06
1.960151612857231764e-06
1.957215676690190593e-06
1.954722990099592297e-06
1.951379726342620175e-06
1.948453383963863404e-06
1.942782256293548017e-06
1.938546120147040008e-06
1.937256465676383349e-06
1.934678621834707067e-06
1.932797144331875726e-06
1.931645493040258654e-06
1.931566421002332641e-06
1.927644051682219605e-06
1.925299737865607335e-06
1.923008433227735865e-06
1.920681146617567585e-06
1.917994947711857589e-06
1.917392809698568947e-06
1.914727289733338950e-06
1.913124399843566508e-06
1.910148522991326466e-06
1.907744111378000727e-06
1.904418989309008724e-06
1.900972092011288064e-06
1.896716709110360908e-06
1.895455933050642006e-06
1.892201593803925559e-06
1.888926932165853818e-06
1.888660434119530601e-06
1.886016510901310808e-06
1.884001743774609253e-06
1.879375975115973788e-06
1.876139481048049519e-06
1.869162542632314859e-06
1.865755495125824007e-06
1.863470784198042796e-06
1.860243110672414662e-06
1.855949464928448226e-06
1.855152145822050330e-06
1.852091444564836410e-06
1.848283905223158567e-06
1.846600096453138654e-06
1.844114735870243170e-06
1.842593223054727251e-06
1.841100847755660582e-06
1.840137770004808576e-06
1.838486221810301519e-06
1.836381828931701564e-06
1.835493700956466489e-06
1.832918091000378559e-06
1.830296387056281946e-06
1.826513656969212569e-06
1.825843971394036870e-06
1.820683531735304715e-06
1.817489728355819242e-06
1.815119409255465339e-06
1.814123922471722264e-06
1.811665119758576183e-06
1.811561200143263568e-06
1.806426397065678633e-06
1.806114733998167058e-06
1.801929064792110943e-06
1.798145592321263492e-06
1.794452747459803514e-06
1.792602069670705237e-06
1.791261333121013617e-06
1.789428872756096219e-06
1.788291466398286385e-06
1.783740333083927889e-06
1.782343989005418339e-06
1.779316700201597303e-06
1.778475053722132462e-06
1.773544189169825593e-06
1.769112946243899203e-06
1.765946669603735327e-06
1.763446323649757843e-06
1.756914901625247976e-06
1.753455695313577242e-06
1.750094599359739740e-06
1.748752880427736025e-06
1.746862520374723931e-06
1.743831905577489640e-06
1.741170912319191759e-06
1.738466861448720281e-06
1.731097396459882470e-06
1.729619594657423413e-06
1.722785617734081599e-06
1.716350699092655010e-06
1.714712633163291702e-06
1.715760157183582897e-06
1.712678262108152399e-06
1.707770393136339318e-06
1.704687725475167914e-06
1.699179404838132968e-06
1.693738459112426729e-06
1.692740905046516458e-06
1.684271526645520166e-06
1.676650919549635359e-06
1.671557186322307396e-06
1.666574862884249598e-06
1.662792107406835690e-06
1.660268043423106746e-06
1.654064560881401680e-06
1.645424389755445193e-06
1.639384453726366499e-06
1.634935465070760935e-06
1.632177906167574585e-06
1.629540039611533119e-06
1.623192669926304814e-06
1.619667227865742366e-06
1.617826766128676054e-06
1.613501803643600797e-06
1.606643405502532375e-06
1.602691837138270777e-06
1.601379553018231832e-06
1.595134409581838760e-06
1.591111644627564798e-06
1.591960614644011034e-06
1.587254744156799330e-06
1.585130614471190622e-06
1.584262659443877224e-06
1.579805202708788828e-06
1.576121282730932629e-06
1.578479456179946666e-06
1.573723202246594962e-06
1.572588333630628857e-06
1.568974623646823251e-06
1.566690061627319819e-06
1.561160782049958654e-06
1.561157389392407802e-06
1.557826192000942190e-06
1.551391113983168861e-06
1.548406820067660606e-06
1.548353211640603890e-06
1.549031605264027257e-06
1.546111321650282222e-06
1.543444123639279253e-06
1.542315747679195367e-06
1.526861815105490563e-06
1.520770823749824534e-06
1.515190632438808191e-06
1.517241458493765463e-06
1.508869130745428703e-06
1.503190871490183564e-06
1.500524924138994573e-06
1.492763002974647743e-06
1.481989245679462102e-06
1.480217481747933716e-06
1.479216660453396660e-06
1.473236066894514543e-06
1.470052475240948464e-06
1.469823514377573887e-06
1.471375499317726891e-06
1.465591270805646584e-06
1.457517229478968066e-06
1.456195755387238777e-06
1.452791345954851278e-06
1.446633766902930061e-06
1.446521432002142429e-06
1.435160986755728908e-06
1.429860244301869260e-06
1.432189557922412894e-06
1.426683052922967301e-06
1.428804277923196389e-06
1.425518363247781238e-06
1.420003391723389088e-06
1.419915901754399656e-06
1.417902279960818185e-06
1.402786588961969377e-06
1.397726656328172859e-06
1.394500144501456468e-06
1.385873269713725480e-06
1.382015287756461765e-06
1.369415628959161169e-06
1.364511045266518030e-06
1.361348105026400646e-06
1.356856961437601284e-06
1.355753782322699709e-06
1.357819756280265236e-06
1.359555567213263142e-06
1.354573558412566377e-06
1.358630802138651175e-06
1.364004216581183642e-06
1.351473425477164947e-06
1.353266271602047269e-06
1.339094293846914115e-06
1.335187670533284001e-06
1.340993003492289494e-06
1.336571126802851409e-06
1.328863453100522887e-06
1.320367097515986493e-06
1.294591904063658045e-06
1.276554264640494010e-06
1.265953665376631702e-06
1.282227321746440463e-06
1.275615454176511353e-06
1.259113102760698088e-06
1.253297314265392499e-06
1.260188711155946858e-06
1.253351530337121523e-06
1.265770172794711960e-06
1.246795221751769477e-06
1.244205956263131093e-06
1.240288685450370322e-06
1.230620221435917564e-06
1.231316676297631816e-06
1.225552642178153807e-06
1.222984682084566605e-06
1.220883232732042490e-06
1.218117003195680902e-06
1.211894938954591574e-06
1.205771885843378144e-06
1.216005705457251392e-06
1.230770027442774556e-06
1.225205270708235156e-06
1.235855151296497467e-06
1.231864040340486080e-06
1.234505614086776017e-06
1.210343041162248781e-06
1.201307628397417880e-06
1.186365231463815721e-06
1.192943852517472634e-06
1.190250308776739178e-06
1.210829981324705138e-06
1.217298650214675790e-06
1.217154801428705836e-06
1.211439871062829154e-06
1.212982154446649504e-06
1.206796003209972307e-06
1.216871119213569934e-06
1.197257131626308004e-06
1.226457221694054101e-06
1.227851303871280736e-06
1.216789495877302781e-06
1.216709969646117778e-06
1.233034699880517082e-06
1.270517736369871035e-06
1.247935035463221863e-06
1.246660890191383567e-06
1.271590333740733922e-06
1.321554805883581186e-06
1.319377165644510426e-06
1.355478458208452456e-06
1.291550235550387027e-06
1.302419190729991164e-06
1.312271419732219639e-06
1.328565549842774640e-06
1.359067735159251719e-06
1.357292414943740732e-06
1.375313133079032284e-06
1.449293934288310169e-06
1.415092489937128431e-06
1.412317854126432142e-06
1.447455909919609855e-06
1.479845605361223287e-06
1.509279529917872283e-06
1.537138928670350386e-06
1.623222575077823504e-06
1.619285549546463402e-06
1.652035150866930437e-06
1.636304665629412385e-06
1.660321351035817699e-06
1.702011403712393182e-06
1.792743837722016701e-06
1.840823144933237302e-06
1.935901399265863376e-06
2.018658034960866830e-06
2.000427111768004484e-06
2.036010228985285147e-06
2.116149571287315573e-06
2.281318349123090870e-06
2.259305771950324365e-06
2.270076352498458836e-06
2.272318229691846125e-06
2.351459965810215594e-06
2.384618049501762986e-06
2.406988306544310709e-06
2.586367930483119905e-06
2.748486536255154591e-06
2.710673923054243675e-06
2.944215122836058493e-06
3.024786358337532564e-06
3.218845428640989257e-06
3.310848529137507211e-06
3.515376331393341403e-06
3.557538360315452915e-06
3.726502949634928089e-06
4.002541274614097843e-06
4.111777027599274915e-06
4.067022567559640173e-06
4.219114540101854643e-06
4.323555072624934200e-06
4.338670807528806211e-06
4.685425410347566121e-06
4.972135679839407687e-06
5.576779266345667029e-06
5.714786454836974534e-06
5.947813574677959607e-06
6.172069839013196902e-06
6.467101462601846446e-06
6.426318566255297002e-06
7.008734188726379296e-06
7.512899288864849920e-06
8.862657410327872220e-06
9.157309392640603982e-06
9.846381272351840662e-06
1.070106259926121171e-05
1.121179532123682303e-05
1.219188186534177512e-05
1.284094102315249007e-05
1.358353501142969357e-05
1.511425617287147251e-05
1.659566714286213280e-05
1.729128544144562399e-05
1.954098541963154726e-05
2.039358697852780133e-05
2.176273940408235386e-05
2.378208195901980872e-05
2.635306378249383658e-05
3.120897211911777811e-05
3.226292338766378681e-05
3.661936194881068173e-05
3.821369623175528755e-05
4.121009823840333350e-05
4.390166911698559942e-05
4.841987088832015029e-05
5.473856220187474543e-05
6.166271016458323389e-05
6.785710703925286577e-05
7.895625989123992484e-05
8.499246362632025280e-05
9.618781642916740104e-05
1.092194330517913114e-04
1.197493667701387231e-04
1.435095125434414159e-04
1.569106808876257549e-04
1.748915599590159127e-04
2.058646475492674553e-04
2.244208407724024334e-04
2.483811549574940400e-04
2.645038642014860058e-04
2.936371932134056368e-04
3.103984341550361731e-04
3.611349737068741787e-04
4.030803591781480493e-04
4.538110366191221048e-04
5.118985002783177926e-04
5.763888150912178801e-04
6.868052145286206384e-04
8.041294901126837258e-04
9.069956501140458887e-04
1.079821168113756329e-03
1.276330946646357656e-03
1.404860016250882981e-03
1.583766868220219150e-03
1.864508618243631384e-03
2.161662533922591861e-03
2.529407023602846249e-03
2.976672520341049847e-03
3.455929783584946440e-03
3.898540042978384558e-03
4.345802888012236832e-03
5.066885488481326708e-03
5.485629983185197865e-03
6.181224572662057451e-03
7.121968795952019794e-03
8.251888253621617389e-03
9.413589567795329835e-03
1.037297797927120603e-02
1.176467391653479230e-02
1.332840352445244930e-02
1.527047444100771735e-02
1.709159327650697918e-02
1.936932051074841815e-02
2.197273093894445278e-02
2.550940989712143642e-02
2.962739364055209240e-02
3.461332973264168167e-02
4.176544972858554222e-02
5.023631412330873541e-02
6.109742101935302511e-02
7.691191911543038273e-02
1.008195052127484059e-01
1.410442865980343907e-01
2.108781079636508904e-01
3.889746877005574865e-01
8.298034094343139655e-01
2.450451373022600077e+00
